stamp 1574452860 935388000
estimate
   -0.09564   -0.995141   0.0234493     27.3584
   0.995417  -0.0956321  0.00146047     177.128
0.000789085   0.0234817    0.999724     2.03165
          0           0           0           1
odom
-0.0886796  -0.986728   0.136029    29.0691
  0.993531 -0.0973512 -0.0584675    175.504
  0.070934   0.129964   0.988978    -1.0424
         0          0          0          1
accum_distance 1011.72
floor_coeffs 3.77337e-05   0.0121356    0.999926     2.06173
id 103
