stamp 1574452896 941120000
estimate
 -0.0813236   -0.994832   0.0608068     24.8582
   0.996658  -0.0806912   0.0127873     197.288
-0.00781467   0.0616436    0.998068     1.97755
          0           0           0           1
odom
-0.0734396  -0.979522   0.187466    26.7575
  0.994779 -0.0853036  -0.056013    195.606
 0.0708575   0.182374   0.980673   0.696537
         0          0          0          1
accum_distance 1032.03
floor_coeffs -0.00573995   0.0547166    0.998485     1.96407
id 106
