stamp 1574451367 360283000
estimate
 -0.0499548    -0.99753   0.0493734     154.594
   0.998751  -0.0499405  0.00152465    -27.1189
0.000944846   0.0493879    0.998779     1.95832
          0           0           0           1
odom
-0.0195038  -0.999522 -0.0239816    154.922
  0.981371  -0.023724   0.190651   -28.8219
 -0.191129 -0.0198165   0.981365    3.51438
         0          0          0          1
accum_distance 656.779
floor_coeffs -0.000924695     0.026979     0.999636      1.97951
id 65
