stamp 1574452290 861713000
estimate
   -0.118989     -0.99111    0.0595255     -45.1929
    0.992895    -0.118725   0.00796657     -258.614
-0.000828593    0.0600505     0.998195       1.9642
           0            0            0            1
odom
-0.0798654  -0.993883  0.0762747   -41.7124
  0.961427 -0.0565997   0.269175   -259.992
 -0.263211  0.0948303   0.960066     6.3414
         0          0          0          1
accum_distance 662.679
floor_coeffs -0.00640155    0.040054    0.999177     1.95595
id 66
