stamp 1574453343 697713000
estimate
  -0.573184    0.818727  -0.0339728     195.608
   -0.81943   -0.572781   0.0215507     73.6533
-0.00181432   0.0401902    0.999191     1.97872
          0           0           0           1
odom
  -0.562283     0.81167   -0.158209     197.479
   -0.82209   -0.569357 0.000739979     69.5654
 -0.0894765    0.130478    0.987405     26.1732
          0           0           0           1
accum_distance 1017.58
floor_coeffs -0.0141519  0.0246882   0.999595    1.97053
id 100
