stamp 1574451748 225663000
estimate
-0.0183468   0.996779 -0.0780774    222.252
 -0.999708 -0.0195163 -0.0142422   -56.7943
  -0.01572  0.0777933   0.996846    1.99535
         0          0          0          1
odom
  -0.0091628     0.988289    -0.152321      223.028
   -0.998498 -0.000814103    0.0547823     -56.4707
   0.0540167     0.152594     0.986812      21.6449
           0            0            0            1
accum_distance 461.946
floor_coeffs -0.0123503  0.0630892   0.997931    1.99163
id 47
