stamp 1574452931 314869000
estimate
   0.998526   0.0541771  0.00371671     50.6372
 -0.0540706    0.998239  -0.0244263     228.016
-0.00503369   0.0241892    0.999695     1.81134
          0           0           0           1
odom
  0.985463  0.0674992   0.155907    52.4656
-0.0532773   0.994177 -0.0936673    226.279
 -0.161322  0.0839994   0.983321   -1.54239
         0          0          0          1
accum_distance 1083.53
floor_coeffs -0.00165471   0.0198554    0.999801     1.80071
id 114
