stamp 1574452794 533926000
estimate
  -0.999833  -0.0170508 -0.00671848     157.692
  0.0167932   -0.999187   0.0366891     7.95749
-0.00733838   0.0365701    0.999304     2.10361
          0           0           0           1
odom
  -0.996956 -0.00432763  -0.0778467     159.295
 0.00122034   -0.999202   0.0399189     7.89128
 -0.0779573   0.0397024    0.996166     3.35006
          0           0           0           1
accum_distance 731.308
floor_coeffs -0.0012767  0.0340173    0.99942    2.09151
id 72
