stamp 1574451672 644193000
estimate
   0.999892   0.0129198 -0.00709728     42.1649
 -0.0129764    0.999884 -0.00798129    -89.9171
 0.00699333  0.00807249    0.999943     2.26873
          0           0           0           1
odom
    0.995801   0.00459871   -0.0914289      41.0259
-0.000136943     0.998811    0.0487469     -89.4191
   0.0915444   -0.0485297     0.994618      7.88091
           0            0            0            1
accum_distance 113.84
floor_coeffs 0.0377123  0.046751  0.998194   2.41988
id 13
