stamp 1574452790 555949000
estimate
   -0.999885 -0.000994858    -0.015205      188.991
 0.000421569    -0.999291    0.0376609      8.70278
  -0.0152315    0.0376501     0.999175      2.06301
           0            0            0            1
odom
  -0.99558  0.0109569 -0.0932757    190.516
-0.0135026  -0.999552  0.0267052    9.12072
-0.0929413  0.0278466   0.995282    5.46828
         0          0          0          1
accum_distance 699.989
floor_coeffs -0.0102104  0.0292617    0.99952    2.06216
id 69
