stamp 1574453009 548233000
estimate
 -0.0725899   -0.997347   0.0055999     233.244
   0.997358  -0.0725715  0.00341979     163.632
-0.00300433  0.00583356    0.999978     2.03471
          0           0           0           1
odom
-0.0180477  -0.996438  0.0823724    235.351
  0.997075 -0.0240557  -0.072538    159.549
 0.0742612  0.0808223   0.993958   -26.1276
         0          0          0          1
accum_distance 1401.73
floor_coeffs -0.00502992    0.019394    0.999799     2.03189
id 145
