stamp 1574452791 881920000
estimate
   -0.999938 -0.000808378   -0.0111989      178.703
 0.000343759    -0.999142    0.0414282      8.32322
  -0.0112226    0.0414218     0.999079      2.05189
           0            0            0            1
odom
 -0.996299   0.011299 -0.0852154     180.26
-0.0143685  -0.999267  0.0354937    8.58629
-0.0847518  0.0365868    0.99573    4.70953
         0          0          0          1
accum_distance 710.287
floor_coeffs -0.00494142   0.0293474    0.999557     2.07219
id 70
