stamp 1574452860 425417000
estimate
 -0.0949923   -0.994858   0.0351241     27.3882
   0.995424  -0.0952962 -0.00707636     176.928
  0.0103872   0.0342911    0.999358     1.99032
          0           0           0           1
odom
-0.0887152  -0.986692   0.136263    29.0964
   0.99354 -0.0973782 -0.0582716    175.308
 0.0707652   0.130213   0.988957   -1.06105
         0          0          0          1
accum_distance 1011.52
floor_coeffs -0.00028719  0.00846549    0.999964       1.986
id 100
