stamp 1574451939 576276000
estimate
   0.999971  0.00781519  0.00140407     199.137
-0.00774617    0.999012  -0.0438142     108.318
-0.00174521   0.0438019    0.999039     1.98812
          0           0           0           1
odom
   0.97966  -0.026844  -0.198861    197.584
 0.0123297   0.997192 -0.0738694    108.147
  0.200285   0.069915    0.97724    21.8191
         0          0          0          1
accum_distance 1017.01
floor_coeffs -0.00893311   0.0201168    0.999758     2.00731
id 101
