stamp 1574451486 699476000
estimate
  -0.112093   -0.992354   0.0517485     285.282
   0.993683   -0.111618   0.0119905    -4.99397
-0.00612241   0.0527658    0.998588     2.06054
          0           0           0           1
odom
 -0.143283   -0.98744 -0.0665708    291.722
  0.980701  -0.150702   0.124554   -8.29512
 -0.133022 -0.0474395   0.989977   -1.46423
         0          0          0          1
accum_distance 1252.85
floor_coeffs -0.00716651   0.0255169    0.999649     2.05746
id 123
