stamp 1574452688 148716000
estimate
  -0.0794747     -0.99668    0.0177083      133.708
    0.996837   -0.0794478   0.00222129      163.748
-0.000807036     0.017829     0.999841       2.0277
           0            0            0            1
odom
 -0.068233  -0.996732  0.0432425    131.619
  0.990738 -0.0727956  -0.114625    164.353
  0.117398  0.0350208   0.992467    21.9068
         0          0          0          1
accum_distance 298.496
floor_coeffs -0.00539229   0.0230635    0.999719     2.01382
id 30
