stamp 1574451385 720162000
estimate
 -0.0388775   -0.997902   0.0518308     147.767
    0.99923  -0.0391195 -0.00366133     95.7328
 0.00568146   0.0516486    0.998649     1.89011
          0           0           0           1
odom
 -0.0254434   -0.999671 -0.00312142     150.984
   0.990439  -0.0256317    0.135547     92.4268
  -0.135582 0.000357202    0.990766    -16.5047
          0           0           0           1
accum_distance 779.871
floor_coeffs -0.0066381  0.0462647   0.998907    1.91399
id 77
