stamp 1574451467 523575000
estimate
  -0.846546    0.532067  -0.0165021     343.314
  -0.532319   -0.846256   0.0222569    -30.6259
-0.00212239   0.0276252    0.999616     2.03839
          0           0           0           1
odom
 -0.826524   0.542236  -0.151126    350.038
 -0.560758  -0.816558   0.137054   -31.2631
-0.0490877   0.198023   0.978967    8.94766
         0          0          0          1
accum_distance 1170.88
floor_coeffs -0.00388148 -0.00545013    0.999978     2.01624
id 115
