stamp 1574451282 700850000
estimate
   0.999481  -0.0320157 -0.00368512     319.214
  0.0319658    0.999406  -0.0128753      60.139
 0.00409516   0.0127508     0.99991     2.06622
          0           0           0           1
odom
  0.982211 -0.0140335  -0.187256    318.413
 0.0287024   0.996706  0.0758564    59.5658
  0.185575 -0.0798817   0.979378    17.3249
         0          0          0          1
accum_distance 327.693
floor_coeffs -0.000485099    0.0194865      0.99981      2.07248
id 33
