stamp 1574451400 714066000
estimate
    0.983943    -0.178301   0.00835735       216.82
    0.178496     0.982968   -0.0437978      133.697
-0.000406124    0.0445863     0.999005      2.03642
           0            0            0            1
odom
  0.980953  -0.181158 -0.0700929    220.157
  0.185578   0.980627  0.0627038    130.373
 0.0573757 -0.0745172   0.995568   -16.3128
         0          0          0          1
accum_distance 872.846
floor_coeffs -0.00200553    0.031117    0.999514     2.04087
id 86
