1574453572294943357       37.869266600 -122.266080600 22.252000000
1574453573294943535       37.869267800 -122.266080200 22.285000000
1574453574294943712       37.869266100 -122.266081900 22.647000000
1574453575294943889       37.869256900 -122.266083500 22.761000000
1574453576294944065       37.869239300 -122.266083600 23.246000000
1574453577294944241       37.869211300 -122.266087100 24.090000000
1574453578294944417       37.869171600 -122.266098700 25.134000000
1574453579294944595       37.869127500 -122.266118800 25.129000000
1574453580294944772       37.869083400 -122.266143800 25.549000000
1574453581294944948       37.869039500 -122.266173400 26.265000000
1574453582294945125       37.868992400 -122.266200800 26.793000000
1574453583294945301       37.868943100 -122.266223900 27.582000000
1574453584294945476       37.868895600 -122.266240600 28.447000000
1574453585294945652       37.868850000 -122.266256100 28.935000000
1574453586294945831       37.868806300 -122.266275000 28.587000000
1574453587294946004       37.868771500 -122.266284400 29.888000000
1574453588294946183       37.868742800 -122.266309100 29.457000000
1574453589294946362       37.868720300 -122.266346100 28.795000000
1574453590294946542       37.868704900 -122.266393400 28.230000000
1574453591294946723       37.868696800 -122.266449700 27.197000000
1574453592294946902       37.868691900 -122.266502300 26.776000000
1574453593294947080       37.868685300 -122.266555200 26.513000000
1574453594294947257       37.868677300 -122.266608500 26.380000000
1574453595294947438       37.868672900 -122.266663900 24.933000000
1574453596294947615       37.868666500 -122.266714600 25.134000000
1574453597294947792       37.868656700 -122.266763900 25.377000000
1574453598294947969       37.868644800 -122.266819900 25.625000000
1574453599294948143       37.868622400 -122.266879000 26.920000000
1574453600294948315       37.868594900 -122.266937900 29.037000000
1574453601294948487       37.868574800 -122.266999500 30.998000000
1574453602294948665       37.868564700 -122.267060000 31.001000000
1574453603294948843       37.868558200 -122.267120100 30.581000000
1574453604294949022       37.868551000 -122.267180700 30.112000000
1574453605294949199       37.868544200 -122.267243400 29.809000000
1574453606294949377       37.868538000 -122.267306900 29.357000000
1574453607294949555       37.868533300 -122.267366100 28.969000000
1574453608294949735       37.868529400 -122.267414000 27.560000000
1574453609294949912       37.868528500 -122.267446600 27.485000000
1574453610294950090       37.868528200 -122.267467700 27.349000000
1574453611294950268       37.868530100 -122.267477700 27.095000000
1574453612294950446       37.868531500 -122.267479100 26.928000000
1574453613294950625       37.868532600 -122.267478300 26.747000000
1574453614294950803       37.868534300 -122.267477600 26.677000000
1574453615294950980       37.868536200 -122.267477200 26.901000000
1574453616294951157       37.868537400 -122.267476900 27.004000000
1574453617294951335       37.868537800 -122.267476500 27.046000000
1574453618294951513       37.868538800 -122.267475700 27.317000000
1574453619294951690       37.868540200 -122.267475100 27.645000000
1574453620294951867       37.868541400 -122.267474900 28.020000000
1574453621294952044       37.868542300 -122.267474600 28.237000000
1574453622294952221       37.868543500 -122.267474500 28.535000000
1574453623294952399       37.868544100 -122.267474200 28.692000000
1574453624294952576       37.868545000 -122.267473800 28.881000000
1574453625294952754       37.868545000 -122.267473500 28.925000000
1574453626294952932       37.868545100 -122.267473100 28.926000000
1574453627294953110       37.868545600 -122.267472900 28.838000000
1574453628294953288       37.868545700 -122.267472700 28.713000000
1574453629294953467       37.868545500 -122.267472700 28.693000000
1574453630294953645       37.868544800 -122.267472700 28.748000000
1574453631294953823       37.868544300 -122.267472500 28.644000000
1574453632294954002       37.868544200 -122.267472600 28.583000000
1574453633294954180       37.868544200 -122.267472400 28.626000000
1574453634294954359       37.868543900 -122.267472000 28.336000000
1574453635294954537       37.868544600 -122.267472000 28.347000000
1574453636294954715       37.868544800 -122.267471800 28.287000000
1574453637294954893       37.868544700 -122.267471600 28.136000000
1574453638294955072       37.868545200 -122.267471700 28.059000000
1574453639294955250       37.868545800 -122.267471700 28.056000000
1574453640294955429       37.868545900 -122.267471500 27.928000000
1574453641294955607       37.868546300 -122.267471600 27.906000000
1574453642294955786       37.868546400 -122.267471400 27.702000000
1574453643294955965       37.868547000 -122.267471300 27.466000000
1574453644294956144       37.868547600 -122.267471200 27.356000000
1574453645294956322       37.868548000 -122.267471100 27.106000000
1574453646294956501       37.868548300 -122.267471100 26.932000000
1574453647294956680       37.868548800 -122.267471100 26.765000000
1574453648294956859       37.868549300 -122.267471300 26.557000000
1574453649294957038       37.868549700 -122.267471600 26.302000000
1574453650294957217       37.868550100 -122.267471500 26.016000000
1574453651294957396       37.868550900 -122.267471500 25.766000000
1574453652294957575       37.868551600 -122.267471500 25.447000000
1574453653294957754       37.868552100 -122.267471600 25.217000000
1574453654294957933       37.868552700 -122.267471500 25.050000000
1574453655294958112       37.868552700 -122.267471100 24.824000000
1574453656294958291       37.868552300 -122.267471100 24.473000000
1574453657294958471       37.868552400 -122.267471100 24.063000000
1574453658294958650       37.868552500 -122.267473300 23.762000000
1574453659294958829       37.868551500 -122.267480200 23.530000000
1574453660294959008       37.868549900 -122.267496200 23.196000000
1574453661294959188       37.868545800 -122.267526200 22.770000000
1574453662294959366       37.868539600 -122.267573300 22.916000000
1574453663294959544       37.868530200 -122.267631000 23.529000000
1574453664294959722       37.868520000 -122.267697500 23.968000000
1574453665294959901       37.868508100 -122.267772000 23.900000000
1574453666294960080       37.868497700 -122.267855100 23.612000000
1574453667294960259       37.868484000 -122.267943400 23.173000000
1574453668294960439       37.868469500 -122.268031700 22.671000000
1574453669294960618       37.868454900 -122.268118500 22.307000000
1574453670294960796       37.868440600 -122.268204600 22.318000000
1574453671294960974       37.868426200 -122.268293100 22.125000000
1574453672294961152       37.868413700 -122.268383200 22.224000000
1574453673294961328       37.868401400 -122.268474200 22.535000000
1574453674294961507       37.868390100 -122.268567000 22.326000000
1574453675294961686       37.868378500 -122.268659600 21.669000000
1574453676294961864       37.868369000 -122.268747100 21.910000000
1574453677294962045       37.868360100 -122.268822500 21.193000000
1574453678294962224       37.868354900 -122.268883700 21.191000000
1574453679294962402       37.868353800 -122.268928700 21.736000000
1574453680294962579       37.868349000 -122.268956500 22.060000000
1574453681294962757       37.868348000 -122.268966200 22.077000000
1574453682294962935       37.868350000 -122.268969400 22.345000000
1574453683294963112       37.868348900 -122.268977800 22.823000000
1574453684294963291       37.868349200 -122.268995500 22.620000000
1574453685294963469       37.868352700 -122.269019900 22.854000000
1574453686294963647       37.868361200 -122.269050400 22.772000000
1574453687294963825       37.868378600 -122.269084500 23.034000000
1574453688294964003       37.868405900 -122.269116700 23.139000000
1574453689294964181       37.868446300 -122.269142700 23.411000000
1574453690294964359       37.868497100 -122.269159500 23.517000000
1574453691294964537       37.868555000 -122.269173600 23.512000000
1574453692294964715       37.868619100 -122.269189700 23.619000000
1574453693294964893       37.868687200 -122.269207800 23.679000000
1574453694294965072       37.868756000 -122.269223400 23.503000000
1574453695294965251       37.868819900 -122.269234600 23.536000000
1574453696294965433       37.868884500 -122.269243100 22.204000000
1574453697294965610       37.868943200 -122.269252400 22.643000000
1574453698294965787       37.868991800 -122.269257500 23.203000000
1574453699294965965       37.869025400 -122.269264100 23.443000000
1574453700294966143       37.869048700 -122.269269900 23.432000000
1574453701294966322       37.869059100 -122.269271600 23.075000000
1574453702294966501       37.869064200 -122.269271100 22.708000000
1574453703294966678       37.869067000 -122.269274500 23.465000000
1574453704294966855       37.869067500 -122.269275700 23.781000000
1574453705294967033       37.869068000 -122.269277300 24.092000000
1574453706294967210       37.869070800 -122.269277100 24.568000000
1574453703000000090       37.869073300 -122.269278200 24.696000000
1574453704000000267       37.869074800 -122.269278400 25.136000000
1574453705000000445       37.869074500 -122.269278500 25.280000000
1574453706000000623       37.869074200 -122.269278900 25.450000000
1574453707000000801       37.869073800 -122.269279400 25.493000000
1574453708000000979       37.869076900 -122.269280700 25.666000000
1574453709000001156       37.869087400 -122.269281600 25.759000000
1574453710000001336       37.869104500 -122.269283000 25.375000000
1574453711000001511       37.869127900 -122.269291000 26.302000000
1574453712000001692       37.869150000 -122.269310100 25.578000000
1574453713000001871       37.869167600 -122.269344600 25.165000000
1574453714000002050       37.869175700 -122.269397300 24.943000000
1574453715000002229       37.869175400 -122.269465100 24.633000000
1574453716000002406       37.869168900 -122.269542800 24.639000000
1574453717000002585       37.869159800 -122.269626100 24.519000000
1574453718000002763       37.869150000 -122.269713200 24.358000000
1574453719000002941       37.869140900 -122.269804300 24.209000000
1574453720000003119       37.869132000 -122.269895500 24.076000000
1574453721000003298       37.869121600 -122.269983000 23.782000000
1574453722000003476       37.869110600 -122.270065000 23.430000000
1574453723000003654       37.869102600 -122.270137000 23.506000000
1574453724000003831       37.869095700 -122.270197800 23.648000000
1574453725000004011       37.869089900 -122.270245500 23.226000000
1574453726000004189       37.869086200 -122.270277100 23.208000000
1574453727000004367       37.869084500 -122.270292600 23.022000000
1574453728000004547       37.869084600 -122.270296600 22.634000000
1574453729000004725       37.869085500 -122.270296900 22.600000000
1574453730000004904       37.869085900 -122.270302300 22.415000000
1574453731000005084       37.869086600 -122.270315200 22.163000000
1574453732000005263       37.869090600 -122.270331100 21.927000000
1574453733000005442       37.869094800 -122.270347400 21.743000000
1574453734000005621       37.869100200 -122.270365200 21.581000000
1574453735000005801       37.869111500 -122.270388200 21.221000000
1574453736000005980       37.869130700 -122.270412800 21.274000000
1574453737000006158       37.869159000 -122.270433500 21.527000000
1574453738000006337       37.869199200 -122.270446100 21.599000000
1574453739000006517       37.869248500 -122.270453700 21.442000000
1574453740000006697       37.869307100 -122.270460900 21.183000000
1574453741000006875       37.869372600 -122.270470600 21.437000000
1574453742000007053       37.869440800 -122.270482600 22.030000000
1574453743000007231       37.869508800 -122.270493700 22.611000000
1574453744000007410       37.869574800 -122.270501300 22.695000000
1574453745000007590       37.869631200 -122.270509800 22.210000000
1574453746000007772       37.869680300 -122.270516700 21.299000000
1574453747000007950       37.869723400 -122.270523500 21.462000000
1574453748000008129       37.869760500 -122.270526700 21.449000000
1574453749000008307       37.869786800 -122.270531100 21.979000000
1574453750000008488       37.869803500 -122.270532500 21.394000000
1574453751000008666       37.869816400 -122.270530500 21.825000000
1574453752000008844       37.869820600 -122.270530000 22.138000000
1574453753000009022       37.869822700 -122.270530400 22.363000000
1574453754000009199       37.869824200 -122.270531400 22.842000000
1574453755000009377       37.869825000 -122.270532600 23.402000000
1574453756000009553       37.869824600 -122.270534800 24.096000000
1574453757000009730       37.869824600 -122.270536800 24.623000000
1574453758000009908       37.869824400 -122.270539100 25.186000000
1574453759000010086       37.869824400 -122.270539400 25.233000000
1574453760000010264       37.869823600 -122.270540500 25.300000000
1574453761000010442       37.869823400 -122.270541200 25.398000000
1574453762000010619       37.869823400 -122.270542800 26.027000000
1574453763000010795       37.869823300 -122.270544700 26.690000000
1574453764000010972       37.869823000 -122.270546200 27.288000000
1574453765000011150       37.869823000 -122.270547100 27.730000000
1574453766000011327       37.869823400 -122.270548400 28.317000000
1574453767000011505       37.869823600 -122.270549000 28.420000000
1574453768000011682       37.869823900 -122.270550000 29.047000000
1574453769000011860       37.869824200 -122.270550900 29.600000000
1574453770000012039       37.869827500 -122.270551700 29.850000000
1574453771000012218       37.869838200 -122.270552900 29.714000000
1574453772000012396       37.869856000 -122.270553600 29.958000000
1574453773000012576       37.869879000 -122.270553000 29.851000000
1574453774000012754       37.869909400 -122.270554000 30.313000000
1574453775000012936       37.869943800 -122.270554500 29.801000000
1574453776000013116       37.869979200 -122.270558500 29.534000000
1574453777000013301       37.870022200 -122.270562900 28.049000000
1574453778000013482       37.870071800 -122.270569000 27.604000000
1574453779000013661       37.870123600 -122.270577400 27.895000000
1574453780000013840       37.870179100 -122.270586600 28.663000000
1574453781000014015       37.870233100 -122.270594300 30.567000000
1574453782000014193       37.870286000 -122.270600100 31.688000000
1574453783000014373       37.870344400 -122.270605000 31.478000000
1574453784000014550       37.870397500 -122.270605100 32.565000000
1574453785000014737       37.870452700 -122.270600500 30.149000000
1574453786000014922       37.870500100 -122.270602300 28.605000000
1574453787000015104       37.870541400 -122.270604000 27.860000000
1574453788000015284       37.870582400 -122.270608700 27.889000000
1574453789000015462       37.870622300 -122.270615400 28.537000000
1574453790000015641       37.870668400 -122.270620100 29.121000000
1574453791000015822       37.870704700 -122.270622600 28.490000000
1574453792000016001       37.870725500 -122.270625900 28.617000000
1574453793000016180       37.870735000 -122.270629600 28.864000000
1574453794000016359       37.870744100 -122.270632300 28.800000000
1574453795000016539       37.870768800 -122.270631800 28.744000000
1574453796000016720       37.870808000 -122.270633800 28.548000000
1574453797000016899       37.870857500 -122.270638500 28.623000000
1574453798000017079       37.870913000 -122.270639900 28.580000000
1574453799000017257       37.870972200 -122.270643400 29.109000000
1574453800000017437       37.871037000 -122.270648000 29.226000000
1574453801000017615       37.871098900 -122.270654600 29.727000000
1574453802000017794       37.871160800 -122.270663200 30.042000000
1574453803000017972       37.871224700 -122.270672400 30.944000000
1574453804000018153       37.871291100 -122.270677800 30.605000000
1574453805000018333       37.871353100 -122.270684500 30.445000000
1574453806000018512       37.871408900 -122.270687600 30.432000000
1574453807000018689       37.871463600 -122.270679900 31.512000000
1574453808000018866       37.871509800 -122.270671900 32.372000000
1574453809000019043       37.871541400 -122.270665300 33.318000000
1574453810000019222       37.871560300 -122.270669200 33.838000000
1574453811000019396       37.871567300 -122.270680400 35.927000000
1574453812000019571       37.871567700 -122.270690300 37.585000000
1574453813000019747       37.871566400 -122.270697300 38.786000000
1574453814000019924       37.871565700 -122.270703000 39.833000000
1574453815000020094       37.871567700 -122.270713200 43.372000000
1574453816000020273       37.871575700 -122.270713800 43.623000000
1574453817000020453       37.871583300 -122.270716400 43.372000000
1574453818000020630       37.871586300 -122.270724800 44.619000000
1574453819000020813       37.871587800 -122.270726400 43.324000000
1574453820000020995       37.871587200 -122.270727600 42.920000000
1574453821000021175       37.871585800 -122.270729500 42.956000000
1574453822000021354       37.871584600 -122.270731900 43.275000000
1574453823000021533       37.871582700 -122.270734500 43.544000000
1574453824000021712       37.871581200 -122.270737100 44.044000000
1574453825000021890       37.871580400 -122.270739400 44.565000000
1574453826000022069       37.871579200 -122.270741900 44.921000000
1574453827000022248       37.871578200 -122.270744400 45.374000000
1574453828000022426       37.871577600 -122.270747300 45.958000000
1574453829000022605       37.871576800 -122.270749900 46.525000000
1574453830000022783       37.871576800 -122.270751300 47.072000000
1574453831000022962       37.871577400 -122.270751900 47.396000000
1574453832000023141       37.871577000 -122.270753900 47.901000000
1574453833000023320       37.871576300 -122.270756200 48.256000000
1574453834000023499       37.871576000 -122.270757900 48.446000000
1574453835000023678       37.871576100 -122.270759200 48.774000000
1574453836000023857       37.871576900 -122.270759100 49.013000000
1574453837000024038       37.871578400 -122.270757900 48.905000000
1574453838000024218       37.871579700 -122.270757000 48.688000000
1574453839000024398       37.871580300 -122.270757000 48.772000000
1574453840000024578       37.871580900 -122.270756800 48.594000000
1574453841000024759       37.871580700 -122.270756900 48.156000000
1574453842000024941       37.871580000 -122.270756800 47.717000000
1574453843000025121       37.871579100 -122.270757600 47.441000000
1574453844000025302       37.871579400 -122.270757000 47.152000000
1574453845000025483       37.871579600 -122.270757000 46.925000000
1574453846000025663       37.871579400 -122.270757300 46.627000000
1574453847000025843       37.871578300 -122.270758900 46.780000000
1574453848000026023       37.871578300 -122.270760100 46.621000000
1574453849000026203       37.871578500 -122.270762100 46.721000000
1574453850000026383       37.871578100 -122.270764200 46.792000000
1574453851000026562       37.871577100 -122.270766300 46.920000000
1574453852000026741       37.871578300 -122.270767000 47.256000000
1574453853000026919       37.871580700 -122.270767000 47.869000000
1574453854000027098       37.871583800 -122.270765900 48.199000000
1574453855000027276       37.871585600 -122.270766000 48.582000000
1574453856000027454       37.871584800 -122.270768700 49.330000000
1574453857000027633       37.871584700 -122.270770200 49.704000000
1574453858000027812       37.871584300 -122.270771800 50.028000000
1574453859000027991       37.871583900 -122.270773100 50.292000000
1574453860000028170       37.871584000 -122.270774100 50.469000000
1574453861000028349       37.871584000 -122.270775200 50.614000000
1574453862000028529       37.871583900 -122.270776300 50.821000000
1574453863000028708       37.871583800 -122.270777100 51.051000000
1574453864000028888       37.871584500 -122.270776800 51.003000000
1574453865000029069       37.871589800 -122.270778000 50.491000000
1574453866000029251       37.871609900 -122.270779800 49.824000000
1574453867000029431       37.871644000 -122.270784900 50.116000000
1574453868000029612       37.871685300 -122.270782300 49.394000000
1574453869000029793       37.871736600 -122.270768600 48.916000000
1574453870000029974       37.871790200 -122.270749500 48.210000000
1574453871000030159       37.871846000 -122.270724000 46.734000000
1574453872000030344       37.871908700 -122.270698900 44.838000000
1574453873000030527       37.871976500 -122.270686200 44.091000000
1574453874000030710       37.872047200 -122.270685300 43.558000000
1574453875000030891       37.872115400 -122.270693100 43.400000000
1574453876000031072       37.872183700 -122.270703900 43.404000000
1574453877000031256       37.872253700 -122.270712900 42.623000000
1574453878000031437       37.872317300 -122.270723300 42.574000000
1574453879000031619       37.872376900 -122.270736800 41.982000000
1574453880000031797       37.872429600 -122.270747300 42.632000000
1574453881000031978       37.872470200 -122.270752300 42.718000000
1574453882000032158       37.872505000 -122.270757600 42.587000000
1574453883000032340       37.872539700 -122.270763400 41.917000000
1574453884000032519       37.872577300 -122.270764000 42.207000000
1574453885000032704       37.872615600 -122.270748600 40.744000000
1574453886000032887       37.872650900 -122.270712100 39.805000000
1574453887000033068       37.872674700 -122.270659600 39.757000000
1574453888000033249       37.872693500 -122.270592700 39.554000000
1574453889000033431       37.872706100 -122.270511000 39.019000000
1574453890000033612       37.872716900 -122.270420100 38.799000000
1574453891000033792       37.872732100 -122.270320200 39.010000000
1574453892000033973       37.872750100 -122.270214100 38.967000000
1574453893000034154       37.872766100 -122.270109300 38.977000000
1574453894000034336       37.872780700 -122.270007400 38.349000000
1574453895000034519       37.872790500 -122.269910800 37.837000000
1574453896000034699       37.872800600 -122.269819700 38.068000000
1574453897000034881       37.872810800 -122.269730600 37.543000000
1574453898000035063       37.872821500 -122.269645000 37.367000000
1574453899000035245       37.872832900 -122.269561700 37.003000000
1574453900000035427       37.872843800 -122.269480400 36.580000000
1574453901000035609       37.872853200 -122.269400000 36.281000000
1574453902000035790       37.872862800 -122.269320800 35.948000000
1574453903000035972       37.872874200 -122.269243300 35.653000000
1574453904000036154       37.872884800 -122.269168000 35.029000000
1574453905000036336       37.872895000 -122.269095700 34.719000000
1574453906000036518       37.872904800 -122.269026200 34.401000000
1574453907000036701       37.872911900 -122.268964500 33.665000000
1574453908000036884       37.872917800 -122.268915600 33.232000000
1574453909000037066       37.872922700 -122.268878300 32.644000000
1574453910000037249       37.872926900 -122.268851600 32.252000000
1574453911000037431       37.872930000 -122.268834000 31.980000000
1574453912000037613       37.872931300 -122.268822600 31.463000000
1574453913000037795       37.872933600 -122.268807700 31.265000000
1574453914000037976       37.872937100 -122.268783100 31.149000000
1574453915000038158       37.872941500 -122.268753100 30.910000000
1574453916000038339       37.872945300 -122.268722500 30.852000000
1574453917000038521       37.872948100 -122.268695400 30.475000000
1574453918000038702       37.872949800 -122.268673200 30.154000000
1574453919000038883       37.872952800 -122.268644600 29.930000000
1574453920000039064       37.872959300 -122.268607900 29.689000000
1574453921000039245       37.872969200 -122.268571300 29.546000000
1574453922000039428       37.872988700 -122.268533500 29.246000000
1574453923000039609       37.873022200 -122.268498900 29.301000000
1574453924000039791       37.873068400 -122.268474000 29.134000000
1574453925000039972       37.873125600 -122.268460100 29.199000000
1574453926000040153       37.873190700 -122.268455600 29.444000000
1574453927000040334       37.873260500 -122.268458800 29.719000000
1574453928000040515       37.873333800 -122.268468200 29.882000000
1574453929000040695       37.873405100 -122.268477800 30.686000000
1574453930000040875       37.873479000 -122.268484700 31.275000000
1574453931000041054       37.873552600 -122.268492000 32.417000000
1574453932000041231       37.873617000 -122.268498400 34.320000000
1574453933000041406       37.873666500 -122.268505700 37.079000000
1574453934000041589       37.873714100 -122.268504800 36.733000000
1574453935000041774       37.873761700 -122.268496100 35.495000000
1574453936000041958       37.873803500 -122.268472000 34.732000000
1574453937000042140       37.873832000 -122.268429100 34.627000000
1574453938000042321       37.873847400 -122.268372300 35.182000000
1574453939000042503       37.873859300 -122.268307200 35.227000000
1574453940000042686       37.873869900 -122.268234300 35.015000000
1574453941000042868       37.873881100 -122.268152100 35.023000000
1574453942000043049       37.873895200 -122.268063100 35.451000000
1574453943000043231       37.873907700 -122.267969400 35.620000000
1574453944000043413       37.873921300 -122.267873600 35.617000000
1574453945000043593       37.873936400 -122.267780400 36.233000000
1574453946000043776       37.873950800 -122.267688300 36.150000000
1574453947000043958       37.873965100 -122.267594500 36.264000000
1574453948000044138       37.873979300 -122.267499200 36.849000000
1574453949000044320       37.873994200 -122.267401200 36.822000000
1574453950000044502       37.874011300 -122.267301400 36.832000000
1574453951000044684       37.874026200 -122.267198700 36.907000000
1574453952000044865       37.874039200 -122.267096100 37.445000000
1574453953000045047       37.874048400 -122.266997100 37.293000000
1574453954000045231       37.874051800 -122.266900100 36.614000000
1574453955000045414       37.874052100 -122.266805700 36.189000000
1574453956000045598       37.874055400 -122.266715400 35.559000000
1574453957000045780       37.874063800 -122.266634000 35.401000000
1574453958000045962       37.874070000 -122.266567800 35.419000000
1574453959000046142       37.874072800 -122.266524100 35.842000000
1574453960000046324       37.874074400 -122.266503800 35.844000000
1574453961000046503       37.874075600 -122.266501300 36.613000000
1574453962000046683       37.874079600 -122.266502800 36.931000000
1574453963000046863       37.874081600 -122.266504000 37.606000000
1574453964000047044       37.874084200 -122.266503900 38.046000000
1574453965000047226       37.874086000 -122.266499100 38.178000000
1574453966000047407       37.874090200 -122.266488200 38.540000000
1574453967000047589       37.874093200 -122.266471400 38.342000000
1574453968000047770       37.874093900 -122.266451100 38.414000000
1574453969000047953       37.874089900 -122.266426700 38.040000000
1574453970000048136       37.874077400 -122.266400200 37.978000000
1574453971000048318       37.874053800 -122.266373900 37.918000000
1574453972000048501       37.874016900 -122.266353200 37.391000000
1574453973000048685       37.873968400 -122.266340700 36.831000000
1574453974000048867       37.873912300 -122.266331100 36.476000000
1574453975000049050       37.873850100 -122.266316900 35.874000000
1574453976000049235       37.873783900 -122.266299000 34.836000000
1574453977000049417       37.873720600 -122.266280500 34.628000000
1574453978000049599       37.873661700 -122.266267600 34.593000000
1574453979000049780       37.873612400 -122.266259600 34.790000000
1574453980000049960       37.873575900 -122.266255600 35.291000000
1574453981000050142       37.873551700 -122.266253200 35.487000000
1574453982000050324       37.873538900 -122.266253000 35.183000000
1574453983000050506       37.873536100 -122.266250500 35.000000000
1574453984000050688       37.873535700 -122.266250500 34.917000000
1574453985000050870       37.873535100 -122.266250200 35.133000000
1574453986000051052       37.873534100 -122.266249900 35.130000000
1574453987000051233       37.873533300 -122.266249900 35.296000000
1574453988000051415       37.873531200 -122.266250200 35.169000000
1574453989000051597       37.873529400 -122.266250300 35.196000000
1574453990000051779       37.873528600 -122.266250200 35.474000000
1574453991000051960       37.873528100 -122.266249900 35.709000000
1574453992000052142       37.873527700 -122.266250000 35.731000000
1574453993000052324       37.873527900 -122.266250200 35.537000000
1574453994000052507       37.873527200 -122.266250700 35.276000000
1574453995000052689       37.873527400 -122.266251000 35.141000000
1574453996000052867       37.873532200 -122.266247800 36.752000000
1574453997000053044       37.873536600 -122.266244600 38.359000000
1574453998000053221       37.873540800 -122.266241800 39.788000000
1574453999000053399       37.873544800 -122.266239100 41.088000000
1574454000000053578       37.873548900 -122.266236700 42.343000000
1574454001000053756       37.873552700 -122.266234900 43.535000000
1574454002000053933       37.873556500 -122.266233000 45.286000000
1574454003000054111       37.873559000 -122.266230500 46.683000000
1574454004000054294       37.873552200 -122.266230700 46.321000000
1574454005000054459       37.873553100 -122.266220500 52.266000000
1574454006000054634       37.873532800 -122.266212900 54.778000000
1574454007000054817       37.873486800 -122.266208900 54.366000000
1574454008000055000       37.873422200 -122.266205500 54.077000000
1574454009000055183       37.873341900 -122.266204200 53.356000000
1574454010000055369       37.873253500 -122.266201500 52.067000000
1574454011000055554       37.873165600 -122.266193600 50.772000000
1574454012000055737       37.873079400 -122.266181300 50.135000000
1574454013000055921       37.872995900 -122.266161400 49.371000000
1574454014000056104       37.872916700 -122.266139300 48.631000000
1574454015000056289       37.872840000 -122.266124100 47.392000000
1574454016000056473       37.872769600 -122.266115100 46.135000000
1574454017000056657       37.872709600 -122.266109500 45.105000000
1574454018000056841       37.872662800 -122.266105300 44.285000000
1574454019000057025       37.872631100 -122.266102700 43.474000000
1574454020000057210       37.872616200 -122.266101800 42.471000000
1574454021000057394       37.872611700 -122.266100700 41.800000000
1574454022000057577       37.872611100 -122.266100500 41.504000000
1574454023000057760       37.872610700 -122.266099800 41.201000000
1574454024000057942       37.872610200 -122.266099600 40.974000000
1574454025000058125       37.872609600 -122.266099200 40.720000000
1574454026000058308       37.872608500 -122.266098800 40.371000000
1574454027000058491       37.872607700 -122.266098000 40.110000000
1574454028000058674       37.872606900 -122.266097200 39.667000000
1574454029000058857       37.872606100 -122.266096400 39.406000000
1574454030000059040       37.872605200 -122.266095700 38.994000000
1574454031000059223       37.872604300 -122.266095300 38.684000000
1574454032000059406       37.872603600 -122.266094900 38.442000000
1574454033000059589       37.872603500 -122.266094200 38.200000000
1574454034000059772       37.872603100 -122.266093700 37.907000000
1574454035000059956       37.872602700 -122.266093200 37.543000000
1574454036000060139       37.872602400 -122.266092800 37.136000000
1574454037000060322       37.872602200 -122.266092400 36.655000000
1574454038000060506       37.872601600 -122.266091900 36.205000000
1574454039000060689       37.872600900 -122.266092000 35.767000000
1574454040000060872       37.872600300 -122.266092200 35.364000000
1574454041000061056       37.872599300 -122.266092000 34.875000000
1574454042000061239       37.872598500 -122.266091700 34.465000000
1574454043000061422       37.872597900 -122.266091200 34.010000000
1574454044000061606       37.872597200 -122.266091000 33.489000000
1574454045000061789       37.872596500 -122.266090900 33.117000000
1574454046000061973       37.872595600 -122.266090700 32.770000000
1574454047000062156       37.872595200 -122.266090500 32.521000000
1574454048000062338       37.872594700 -122.266090100 32.356000000
1574454049000062521       37.872594000 -122.266089900 32.190000000
1574454050000062704       37.872593100 -122.266090100 31.997000000
1574454051000062887       37.872592300 -122.266090200 31.912000000
1574454052000063069       37.872591400 -122.266090500 31.807000000
1574454053000063252       37.872590200 -122.266090600 31.703000000
1574454054000063434       37.872590100 -122.266090700 31.824000000
1574454055000063617       37.872589900 -122.266091000 31.920000000
1574454056000063799       37.872589100 -122.266091600 31.789000000
1574454057000063982       37.872588200 -122.266092500 31.718000000
1574454058000064165       37.872587200 -122.266093100 31.628000000
1574454059000064347       37.872582800 -122.266093500 31.589000000
1574454060000064529       37.872573500 -122.266093200 31.555000000
1574454061000064712       37.872564100 -122.266091000 31.465000000
1574454062000064895       37.872558800 -122.266088000 31.288000000
1574454063000065077       37.872556800 -122.266087100 31.507000000
1574454064000065259       37.872556000 -122.266086700 31.568000000
1574454065000065442       37.872551700 -122.266084500 31.470000000
1574454066000065623       37.872540000 -122.266077700 31.983000000
1574454067000065804       37.872521700 -122.266060100 32.432000000
1574454068000065986       37.872503400 -122.266024000 32.692000000
1574454069000066168       37.872489800 -122.265967300 32.814000000
1574454070000066351       37.872481000 -122.265895700 32.754000000
1574454071000066534       37.872473800 -122.265815300 32.951000000
1574454072000066716       37.872459300 -122.265730800 33.219000000
1574454073000066899       37.872432200 -122.265649500 33.794000000
1574454074000067080       37.872395800 -122.265573900 34.561000000
1574454075000067263       37.872353100 -122.265501300 34.903000000
1574454076000067445       37.872305900 -122.265432700 35.494000000
1574454077000067626       37.872256900 -122.265369400 36.287000000
1574454078000067808       37.872208600 -122.265314600 36.927000000
1574454079000067990       37.872162000 -122.265269700 37.407000000
1574454080000068173       37.872118200 -122.265233500 37.570000000
1574454081000068355       37.872079900 -122.265205900 37.933000000
1574454082000068537       37.872045400 -122.265184600 38.118000000
1574454083000068719       37.872013400 -122.265166300 38.222000000
1574454084000068903       37.871983100 -122.265150700 37.837000000
1574454085000069085       37.871953700 -122.265138800 37.955000000
1574454086000069267       37.871920600 -122.265130900 37.802000000
1574454087000069450       37.871882800 -122.265122600 37.652000000
1574454088000069633       37.871843600 -122.265106500 37.743000000
1574454089000069816       37.871805900 -122.265083500 37.510000000
1574454090000069998       37.871775000 -122.265055400 37.326000000
1574454091000070182       37.871748500 -122.265019900 37.057000000
1574454092000070364       37.871733400 -122.264971400 36.882000000
1574454093000070547       37.871730500 -122.264913400 36.591000000
1574454094000070729       37.871737800 -122.264850700 36.891000000
1574454095000070910       37.871753700 -122.264787700 37.250000000
1574454096000071093       37.871777400 -122.264725400 37.303000000
1574454097000071275       37.871804200 -122.264662600 37.769000000
1574454098000071457       37.871832600 -122.264595200 38.136000000
1574454099000071639       37.871862400 -122.264522900 38.238000000
1574454100000071821       37.871889800 -122.264445600 38.580000000
1574454101000072003       37.871911600 -122.264363400 38.736000000
1574454102000072184       37.871929200 -122.264280100 39.349000000
1574454103000072365       37.871948000 -122.264198500 39.728000000
1574454104000072548       37.871967000 -122.264120400 39.767000000
1574454105000072729       37.871985800 -122.264046500 40.127000000
1574454106000072911       37.872000800 -122.263973000 40.569000000
1574454107000073092       37.872011100 -122.263898300 41.005000000
1574454108000073274       37.872015200 -122.263823400 41.162000000
1574454109000073454       37.872007500 -122.263750800 41.922000000
1574454110000073635       37.871998100 -122.263683300 42.632000000
1574454111000073816       37.871992000 -122.263621600 43.150000000
1574454112000073997       37.871994200 -122.263563800 43.617000000
1574454113000074181       37.872013300 -122.263507200 43.411000000
1574454114000074365       37.872042900 -122.263460100 42.805000000
1574454115000074553       37.872085400 -122.263428900 41.343000000
1574454116000074736       37.872132700 -122.263418300 41.273000000
1574454117000074919       37.872181100 -122.263429100 41.116000000
1574454118000075103       37.872222800 -122.263458200 41.026000000
1574454119000075286       37.872253900 -122.263504500 40.951000000
1574454120000075468       37.872270900 -122.263563900 40.883000000
1574454121000075651       37.872269600 -122.263633500 40.448000000
1574454122000075833       37.872248300 -122.263702400 40.155000000
1574454123000076015       37.872208600 -122.263767100 39.933000000
1574454124000076197       37.872161400 -122.263834700 39.809000000
1574454125000076379       37.872117900 -122.263913400 39.631000000
1574454126000076561       37.872082600 -122.264004200 39.286000000
1574454127000076743       37.872054900 -122.264102900 38.941000000
1574454128000076924       37.872032000 -122.264203900 38.784000000
1574454129000077106       37.872010900 -122.264301900 38.680000000
1574454130000077287       37.871992700 -122.264387200 38.650000000
1574454131000077470       37.871978200 -122.264454400 38.110000000
1574454132000077652       37.871964600 -122.264509400 37.968000000
1574454133000077834       37.871951200 -122.264559100 37.660000000
1574454134000078017       37.871937600 -122.264606500 37.329000000
1574454135000078200       37.871924900 -122.264659600 36.755000000
1574454136000078382       37.871915500 -122.264721200 36.369000000
1574454137000078564       37.871910700 -122.264784600 35.939000000
1574454138000078746       37.871909000 -122.264843800 35.856000000
1574454139000078928       37.871904400 -122.264898800 35.712000000
1574454140000079111       37.871889100 -122.264950000 35.483000000
1574454141000079293       37.871862600 -122.264993000 35.437000000
1574454142000079475       37.871824200 -122.265021600 35.596000000
1574454143000079657       37.871775000 -122.265032400 35.580000000
1574454144000079838       37.871717300 -122.265028400 35.628000000
1574454145000080020       37.871652700 -122.265017000 35.490000000
1574454146000080203       37.871582500 -122.265004200 35.054000000
1574454147000080385       37.871508700 -122.264995200 34.994000000
1574454148000080568       37.871431400 -122.264994300 34.169000000
1574454149000080751       37.871354100 -122.265002100 33.309000000
1574454150000080935       37.871276700 -122.265017100 32.379000000
1574454151000081118       37.871199800 -122.265036400 31.586000000
1574454152000081301       37.871126800 -122.265062500 31.097000000
1574454153000081483       37.871056300 -122.265095500 30.772000000
1574454154000081666       37.870985500 -122.265138700 30.054000000
1574454155000081849       37.870918700 -122.265190000 29.351000000
1574454156000082032       37.870859100 -122.265245500 28.687000000
1574454157000082215       37.870806000 -122.265302000 27.994000000
1574454158000082396       37.870760900 -122.265358700 28.067000000
1574454159000082578       37.870722000 -122.265417500 27.859000000
1574454160000082760       37.870690200 -122.265473800 27.202000000
1574454161000082942       37.870668200 -122.265525900 26.956000000
1574454162000083124       37.870653600 -122.265567600 26.769000000
1574454163000083304       37.870647100 -122.265599200 27.216000000
1574454164000083486       37.870643900 -122.265623100 27.234000000
1574454165000083667       37.870643700 -122.265650100 27.357000000
1574454166000083848       37.870648300 -122.265687200 27.252000000
1574454167000084030       37.870663400 -122.265730400 27.336000000
1574454168000084212       37.870693100 -122.265769700 27.276000000
1574454169000084392       37.870739100 -122.265797400 27.506000000
1574454170000084573       37.870798000 -122.265811300 27.808000000
1574454171000084755       37.870866400 -122.265821000 27.961000000
1574454172000084936       37.870940700 -122.265838000 28.116000000
1574454173000085119       37.871018500 -122.265860400 28.183000000
1574454174000085300       37.871098900 -122.265881800 28.824000000
1574454175000085482       37.871182700 -122.265894600 29.130000000
1574454176000085664       37.871267300 -122.265903100 29.581000000
1574454177000085844       37.871350800 -122.265914200 30.505000000
1574454178000086025       37.871433000 -122.265923500 30.922000000
1574454179000086207       37.871515600 -122.265932500 31.203000000
1574454180000086389       37.871600300 -122.265941500 31.288000000
1574454181000086572       37.871688300 -122.265950900 30.840000000
1574454182000086754       37.871777800 -122.265964900 30.521000000
1574454183000086936       37.871865400 -122.265985900 30.418000000
1574454184000087118       37.871950900 -122.266008400 30.240000000
1574454185000087300       37.872033800 -122.266024400 29.818000000
1574454186000087480       37.872108700 -122.266034100 30.299000000
1574454187000087662       37.872167900 -122.266041200 30.286000000
1574454188000087845       37.872211100 -122.266047000 29.703000000
1574454189000088026       37.872242900 -122.266050700 29.733000000
1574454190000088208       37.872264000 -122.266051500 29.482000000
1574454191000088389       37.872272600 -122.266049500 29.730000000
1574454192000088570       37.872272600 -122.266049300 29.862000000
1574454193000088751       37.872272400 -122.266049800 30.283000000
1574454194000088931       37.872271700 -122.266050100 30.623000000
1574454195000089112       37.872270400 -122.266050200 30.961000000
1574454196000089293       37.872269100 -122.266050200 31.233000000
1574454197000089474       37.872268400 -122.266050200 31.462000000
1574454198000089655       37.872267600 -122.266050000 31.782000000
1574454199000089836       37.872266500 -122.266050000 32.107000000
1574454200000090017       37.872265000 -122.266049900 32.345000000
1574454201000090198       37.872263400 -122.266049500 32.702000000
1574454202000090380       37.872262300 -122.266049300 32.996000000
1574454203000090561       37.872260900 -122.266049300 33.309000000
1574454204000090743       37.872259800 -122.266049300 33.332000000
1574454205000090925       37.872258700 -122.266049300 33.450000000
1574454206000091106       37.872257600 -122.266049500 33.578000000
1574454207000091288       37.872256400 -122.266049400 33.714000000
1574454208000091470       37.872255500 -122.266049200 33.948000000
1574454209000091652       37.872254100 -122.266048900 34.041000000
1574454210000091833       37.872252700 -122.266049200 34.244000000
1574454211000092015       37.872252000 -122.266049300 34.515000000
1574454212000092196       37.872251200 -122.266049500 34.806000000
1574454213000092378       37.872250200 -122.266049800 34.952000000
1574454214000092561       37.872250300 -122.266049700 35.065000000
1574454215000092742       37.872250100 -122.266050200 35.353000000
1574454216000092924       37.872249100 -122.266050700 35.510000000
1574454217000093107       37.872248200 -122.266051000 35.594000000
1574454218000093289       37.872248000 -122.266051100 35.641000000
1574454219000093472       37.872247400 -122.266051200 35.669000000
1574454220000093654       37.872247100 -122.266051400 35.919000000
1574454221000093836       37.872247100 -122.266051300 36.039000000
1574454222000094018       37.872254800 -122.266050800 36.011000000
1574454223000094202       37.872277800 -122.266052100 35.559000000
1574454224000094385       37.872311600 -122.266057100 35.616000000
1574454225000094569       37.872346000 -122.266073500 35.062000000
1574454226000094751       37.872383200 -122.266107300 35.177000000
1574454227000094934       37.872415400 -122.266158000 35.172000000
1574454228000095118       37.872433400 -122.266226000 34.509000000
1574454229000095301       37.872433800 -122.266308200 34.149000000
1574454230000095484       37.872421300 -122.266400600 33.412000000
1574454231000095668       37.872405900 -122.266503400 32.708000000
1574454232000095851       37.872391400 -122.266614600 32.262000000
1574454233000096034       37.872380800 -122.266731500 31.765000000
1574454234000096217       37.872372500 -122.266851700 31.655000000
1574454235000096400       37.872363900 -122.266970500 31.242000000
1574454236000096583       37.872349100 -122.267086200 31.105000000
1574454237000096766       37.872330100 -122.267198800 30.732000000
1574454238000096949       37.872310500 -122.267311400 30.448000000
1574454239000097132       37.872291700 -122.267425600 30.226000000
1574454240000097315       37.872274800 -122.267541600 30.149000000
1574454241000097497       37.872259800 -122.267658300 30.157000000
1574454242000097680       37.872247100 -122.267774900 30.046000000
1574454243000097863       37.872238500 -122.267892500 29.959000000
1574454244000098045       37.872232000 -122.268011300 30.180000000
1574454245000098228       37.872224300 -122.268129100 30.036000000
1574454246000098411       37.872214800 -122.268245700 29.725000000
1574454247000098594       37.872203700 -122.268360300 29.534000000
1574454248000098777       37.872191800 -122.268474600 29.344000000
1574454249000098960       37.872177700 -122.268588000 28.756000000
1574454250000099143       37.872165600 -122.268697700 28.229000000
1574454251000099326       37.872154000 -122.268803800 27.856000000
1574454252000099509       37.872138700 -122.268908200 27.726000000
1574454253000099690       37.872120400 -122.269010200 27.874000000
1574454254000099873       37.872105500 -122.269112200 27.598000000
1574454255000100056       37.872094700 -122.269215200 27.554000000
1574454256000100239       37.872082500 -122.269316100 27.091000000
1574454257000100422       37.872070500 -122.269414600 26.568000000
1574454258000100605       37.872059100 -122.269510700 26.398000000
1574454259000100787       37.872048600 -122.269603800 26.279000000
1574454260000100970       37.872038000 -122.269694100 26.227000000
