1567281057511     15.327     10.806     -0.040 
1567281063121     25.352     11.848      0.158 
1567281065059     35.829     10.318      0.238 
1567281066997     45.824      7.079      0.475 
1567281069241     55.949      7.940      0.682 
1567281071485     63.347     15.115      0.750 
1567281073729     65.470     25.023      0.645 
1567281076279     60.905     33.920      0.616 
1567281078829     52.220     38.920      0.455 
1567281081379     41.968     36.987      0.175 
1567281083521     34.676     29.869      0.060 
1567281085561     33.815     19.449      0.059 
1567281087499     39.824     10.902      0.207 
1567281089335     49.289      7.380      0.508 
1567281091273     59.029     10.638      0.679 
1567281093109     64.792     19.372      0.717 
1567281094945     64.483     29.385      0.568 
1567281096985     57.397     36.952      0.636 
1567281098821     47.291     39.062      0.331 
1567281100657     37.651     34.932      0.112 
1567281102289     29.307     29.053      0.038 
1567281103921     19.648     25.779     -0.067 
1567281105349      9.382     24.192     -0.159 
1567281106777     -1.237     22.530     -0.315 
1567281108103    -11.848     20.826     -0.413 
1567281109327    -22.074     19.655     -0.452 
1567281110551    -32.092     19.249     -0.476 
1567281112183    -42.351     19.440     -0.549 
1567281114325    -52.443     20.541     -0.662 
1567281116161    -62.617     22.099     -0.648 
1567281117997    -72.749     23.568     -0.577 
1567281119935    -81.736     28.233     -0.594 
1567281121669    -87.054     37.086     -0.805 
1567281123199    -91.131     46.839     -1.110 
1567281124525    -95.505     56.159     -1.532 
1567281125749   -100.732     65.006     -2.353 
1567281126973   -107.324     73.638     -2.961 
1567281128197   -114.315     81.773     -3.450 
1567281129421   -121.759     88.894     -3.812 
1567281130747   -130.187     94.551     -4.287 
1567281132277   -140.050     97.615     -4.529 
1567281133909   -150.442     97.532     -4.594 
1567281135541   -159.895     93.625     -4.474 
1567281137275   -166.661     86.057     -4.376 
1567281139009   -168.933     75.966     -4.392 
1567281140437   -169.768     65.640     -4.334 
1567281141661   -170.728     55.489     -4.223 
1567281142783   -171.866     44.905     -4.059 
1567281143803   -172.953     34.658     -3.796 
1567281144822   -174.107     23.904     -3.458 
1567281145842   -175.258     13.225     -3.108 
1567281146862   -176.491      2.471     -2.825 
1567281147882   -177.800     -8.213     -2.569 
1567281148902   -179.114    -18.504     -2.377 
1567281149922   -180.382    -28.714     -2.217 
1567281150942   -181.466    -39.194     -1.992 
1567281151962   -182.236    -49.586     -1.674 
1567281153084   -182.424    -60.278     -1.356 
1567281154308   -182.498    -71.108     -0.945 
1567281155634   -183.173    -81.592     -0.520 
1567281157164   -184.128    -91.544     -0.083 
1567281169710   -184.601   -101.573      0.397 
1567281173586   -180.085   -110.639      0.678 
1567281175830   -170.091   -112.579      0.372 
1567281177564   -159.849   -110.663      0.239 
1567281179094   -149.416   -108.642      0.267 
1567281180420   -139.593   -105.435      0.242 
1567281181746   -130.544   -100.140      0.147 
1567281183072   -122.510    -93.319     -0.070 
1567281184398   -114.982    -85.466     -0.280 
1567281185622   -108.536    -77.487     -0.477 
1567281186846   -102.445    -68.975     -0.639 
1567281188070    -97.073    -59.753     -0.800 
1567281189294    -92.335    -50.044     -0.874 
1567281190518    -88.247    -40.011     -0.885 
1567281191844    -84.866    -30.116     -1.027 
1567281193578    -81.289    -20.304     -1.307 
1567281195822    -76.359    -11.263     -1.569 
1567281197862    -68.135     -5.399     -1.723 
1567281201228    -58.942     -1.392     -1.776 
1567281205002    -50.475      4.128     -1.913 
