1567284437775      0.000     -0.000     -0.000 
1567284438999     10.869      0.719     -0.103 
1567284440121     21.728      2.701     -0.590 
1567284441141     31.735      5.573     -0.953 
1567284442161     41.549      8.954     -1.276 
1567284443385     51.125     13.622     -1.447 
1567284444915     59.243     19.829     -1.798 
1567284457971     65.698     27.826     -2.045 
1567284460929     70.762     36.502     -2.065 
1567284463173     74.961     45.649     -2.069 
1567284464499     78.355     55.329     -2.071 
1567284465519     81.934     64.691     -2.241 
1567284466437     85.766     74.341     -2.380 
1567284467355     89.953     84.805     -2.516 
1567284468171     93.759     94.216     -2.560 
1567284468987     97.502    103.500     -2.377 
1567284469905    101.242    112.912     -2.058 
1567284470925    105.053    122.319     -1.719 
1567284472149    108.731    132.026     -1.308 
1567284473679    112.421    141.319     -0.913 
1567284476025    116.125    150.906     -0.329 
1567284483471    120.071    160.322      0.196 
1567284485613    123.741    169.696      0.773 
1567284487143    127.401    179.119      1.607 
1567284488469    130.825    189.268      2.333 
1567284489693    134.635    199.350      3.163 
1567284490917    138.596    208.887      4.172 
1567284492450    142.353    218.433      5.108 
1567284496017    145.937    227.780      5.873 
1567284501525    145.182    238.065      6.228 
1567284503055    137.301    244.745      5.645 
1567284504177    128.863    250.099      5.080 
1567284505197    119.761    255.310      4.503 
1567284506217    110.078    260.270      4.004 
1567284507237    100.754    265.142      3.603 
1567284508257     91.523    269.941      3.223 
1567284509175     82.576    274.487      2.855 
1567284510093     73.611    279.028      2.580 
1567284511011     64.625    283.753      2.427 
1567284512031     55.011    288.964      2.292 
1567284513051     45.403    294.154      2.118 
1567284514071     35.465    298.563      1.928 
1567284515091     25.492    302.689      1.820 
1567284516111     15.904    306.782      1.964 
1567284517233      6.182    310.944      2.232 
1567284518559     -3.842    314.803      2.446 
1567284520089    -13.379    317.887      2.737 
1567284564050    -23.357    319.811      2.944 
1567284567518    -33.394    321.116      3.099 
1567284571496    -41.671    315.391      2.755 
1567284621272    -45.489    305.632      2.134 
1567284622802    -49.928    295.861      1.641 
1567284624026    -54.287    286.157      1.208 
1567284625046    -58.345    276.841      0.921 
1567284625964    -62.375    267.605      0.722 
1567284626882    -66.754    258.077      0.615 
1567284627800    -71.031    248.895      0.614 
1567284628820    -75.517    239.103      0.462 
1567284629840    -79.953    229.873      0.425 
1567284630962    -84.641    220.342      0.514 
1567284632084    -89.248    211.383      0.560 
1567284633308    -93.916    202.136      0.579 
1567284634634    -98.464    192.757      0.590 
1567284636062   -102.716    183.482      0.651 
1567284638102   -106.977    174.190      0.798 
1567284677984   -110.648    164.886      0.863 
1567284680432   -113.967    155.220      1.069 
1567284682370   -113.562    144.787      0.792 
1567284684002   -106.669    136.893      0.242 
1567284685430    -97.063    131.646     -0.242 
1567284686654    -87.811    126.543     -0.581 
1567284687980    -78.377    121.229     -0.867 
1567284689408    -69.694    116.190     -1.124 
1567284691652    -60.697    111.047     -1.347 
1567284694406    -51.764    105.788     -1.574 
1567284696752    -42.653    100.395     -1.764 
1567284698486    -33.434     95.017     -2.076 
1567284699812    -24.827     89.743     -2.388 
1567284701036    -16.003     84.552     -2.740 
1567284702158     -6.968     79.853     -3.052 
1567284703280      2.408     75.386     -3.328 
1567284704402     11.504     70.851     -3.567 
1567284705626     20.747     65.661     -3.848 
1567284707054     29.759     60.379     -4.055 
1567284725414     38.498     55.044     -4.227 
1567284728168     47.585     50.020     -4.389 
1567284730208     57.989     49.132     -4.516 
