1567284402000414104       37.872018600 -122.264005700 36.326000000
1567284403000414250       37.872019400 -122.264002200 35.973000000
1567284404000414395       37.872022200 -122.263990800 35.845000000
1567284405000414540       37.872029500 -122.263964100 36.036000000
1567284406000414686       37.872037400 -122.263913700 35.658000000
1567284407000414831       37.872040500 -122.263846200 35.515000000
1567284408000414976       37.872034900 -122.263764700 35.353000000
1567284409000415122       37.872027200 -122.263675900 35.058000000
1567284410000415268       37.872031500 -122.263599200 34.679000000
1567284411000415414       37.872047800 -122.263538100 34.242000000
1567284412000415561       37.872072900 -122.263491200 33.988000000
1567284413000415706       37.872103900 -122.263464000 34.193000000
1567284414000415852       37.872135200 -122.263445800 34.148000000
1567284415000415996       37.872178000 -122.263442700 34.393000000
1567284416000416142       37.872223800 -122.263459800 34.222000000
1567284417000416287       37.872263100 -122.263501200 34.414000000
1567284418000416432       37.872286400 -122.263563200 34.528000000
1567284419000416576       37.872293400 -122.263633800 34.659000000
1567284420000416721       37.872276700 -122.263704100 34.650000000
1567284421000416865       37.872240300 -122.263772000 34.639000000
1567284422000417010       37.872197100 -122.263840800 34.718000000
1567284423000417154       37.872154600 -122.263915600 34.667000000
1567284424000417299       37.872117200 -122.264000400 34.468000000
1567284425000417444       37.872084900 -122.264098300 33.982000000
1567284426000417590       37.872056800 -122.264210100 33.562000000
1567284427000417736       37.872029800 -122.264332600 32.869000000
1567284428000417880       37.872002800 -122.264460600 32.857000000
1567284429000418026       37.871978600 -122.264586200 32.471000000
1567284430000418170       37.871963500 -122.264699800 32.553000000
1567284431000418315       37.871956400 -122.264794400 32.207000000
1567284432000418459       37.871950600 -122.264873500 32.417000000
1567284433000418605       37.871949800 -122.264947000 31.986000000
1567284434000418751       37.871961000 -122.265017400 31.679000000
1567284435000418895       37.871989200 -122.265080600 31.871000000
1567284436000419041       37.872027000 -122.265133700 31.528000000
1567284437000419185       37.872074100 -122.265181000 31.478000000
1567284438000419330       37.872133800 -122.265230400 31.391000000
1567284439000419473       37.872199800 -122.265286800 31.673000000
1567284440000419618       37.872266700 -122.265355700 30.993000000
1567284441000419763       37.872330000 -122.265435900 30.356000000
1567284442000419907       37.872389600 -122.265521300 29.844000000
1567284443000420052       37.872438400 -122.265603000 29.104000000
1567284444000420197       37.872469900 -122.265678200 28.732000000
1567284445000420342       37.872488700 -122.265743400 28.236000000
1567284446000420488       37.872498400 -122.265791400 27.712000000
1567284447000420633       37.872502100 -122.265819600 27.259000000
1567284448000420778       37.872503000 -122.265830200 27.140000000
1567284449000420924       37.872503700 -122.265831800 27.119000000
1567284450000421068       37.872504600 -122.265832400 27.153000000
1567284451000421214       37.872505600 -122.265833400 27.118000000
1567284452000421359       37.872506900 -122.265834200 27.008000000
1567284453000421504       37.872507800 -122.265835200 26.946000000
1567284454000421649       37.872508600 -122.265836800 26.885000000
1567284455000421794       37.872509000 -122.265838300 26.835000000
1567284456000421940       37.872509400 -122.265839500 26.707000000
1567284457000422084       37.872510200 -122.265846100 26.948000000
1567284458000422229       37.872513100 -122.265868600 27.005000000
1567284459000422374       37.872515800 -122.265908200 27.049000000
1567284460000422518       37.872515500 -122.265949400 27.378000000
1567284461000422663       37.872514600 -122.265983700 27.435000000
1567284462000422807       37.872511700 -122.266022400 27.822000000
1567284463000422953       37.872505900 -122.266079700 27.753000000
1567284464000423096       37.872492800 -122.266156700 28.196000000
1567284465000423240       37.872475900 -122.266253400 28.274000000
1567284466000423386       37.872458900 -122.266369800 27.782000000
1567284467000423531       37.872442900 -122.266501100 26.991000000
1567284468000423677       37.872426000 -122.266639500 26.345000000
1567284469000423822       37.872406400 -122.266777000 26.236000000
1567284470000423967       37.872386900 -122.266903000 26.229000000
1567284471000424112       37.872370800 -122.267013600 26.041000000
1567284472000424258       37.872356700 -122.267111200 25.859000000
1567284473000424402       37.872346600 -122.267193400 25.977000000
1567284474000424548       37.872341100 -122.267257900 25.854000000
1567284475000424694       37.872333800 -122.267308600 25.327000000
1567284476000424840       37.872325500 -122.267354100 24.898000000
1567284477000424985       37.872321200 -122.267391300 24.873000000
1567284478000425131       37.872319100 -122.267416800 24.576000000
1567284479000425276       37.872318400 -122.267429000 24.665000000
1567284480000425422       37.872318900 -122.267431300 24.634000000
1567284481000425568       37.872319100 -122.267430900 24.609000000
1567284482000425713       37.872318800 -122.267436400 24.684000000
1567284483000425859       37.872317000 -122.267456600 24.556000000
1567284484000426005       37.872312600 -122.267493500 24.273000000
1567284485000426152       37.872306400 -122.267546400 23.635000000
1567284486000426299       37.872298800 -122.267612300 23.113000000
1567284487000426447       37.872292100 -122.267687200 22.013000000
1567284488000426594       37.872281100 -122.267771600 21.627000000
1567284489000426740       37.872265900 -122.267868700 21.159000000
1567284490000426886       37.872250600 -122.267969300 21.048000000
1567284491000427033       37.872237700 -122.268064700 20.519000000
1567284492000427176       37.872224600 -122.268143900 21.290000000
1567284493000427321       37.872215100 -122.268205200 21.421000000
1567284494000427466       37.872207200 -122.268245800 21.820000000
1567284495000427612       37.872202500 -122.268272400 21.634000000
1567284496000427756       37.872198200 -122.268287800 21.992000000
1567284497000427900       37.872195600 -122.268294000 22.432000000
1567284498000428045       37.872192400 -122.268300200 22.853000000
1567284499000428189       37.872188300 -122.268311200 23.151000000
1567284500000428335       37.872181500 -122.268331800 23.066000000
1567284501000428480       37.872162300 -122.268361700 23.084000000
1567284502000428627       37.872123000 -122.268390100 22.594000000
1567284503000428773       37.872063000 -122.268401900 22.487000000
1567284504000428918       37.871985300 -122.268401400 22.353000000
1567284505000429064       37.871894400 -122.268395600 22.116000000
1567284506000429208       37.871799900 -122.268383800 22.217000000
1567284507000429355       37.871707600 -122.268370800 21.739000000
1567284508000429500       37.871616400 -122.268358400 21.758000000
1567284509000429646       37.871520600 -122.268344000 21.722000000
1567284510000429791       37.871421900 -122.268327200 21.898000000
1567284511000429937       37.871322200 -122.268312000 21.821000000
1567284512000430083       37.871223900 -122.268299500 21.731000000
1567284513000430229       37.871127400 -122.268285700 21.837000000
1567284514000430376       37.871031300 -122.268267600 21.569000000
1567284515000430523       37.870937400 -122.268245900 21.205000000
1567284516000430671       37.870845900 -122.268226300 20.791000000
1567284517000430816       37.870760200 -122.268206000 21.176000000
1567284518000430963       37.870684100 -122.268187000 21.000000000
1567284519000431110       37.870619600 -122.268166300 20.778000000
1567284520000431256       37.870565200 -122.268145900 20.864000000
1567284521000431403       37.870527300 -122.268132400 20.724000000
1567284522000431552       37.870507800 -122.268126800 20.386000000
1567284523000431699       37.870501400 -122.268126300 20.139000000
1567284524000431848       37.870499500 -122.268125700 19.769000000
1567284525000431995       37.870496400 -122.268125100 19.810000000
1567284526000432141       37.870495400 -122.268124200 19.870000000
1567284527000432288       37.870495400 -122.268123100 19.899000000
1567284528000432435       37.870494900 -122.268122900 20.038000000
1567284529000432582       37.870495200 -122.268121800 19.902000000
1567284530000432729       37.870495600 -122.268121000 19.862000000
1567284531000432876       37.870495700 -122.268120200 20.091000000
1567284532000433021       37.870494900 -122.268119700 20.504000000
1567284533000433166       37.870492800 -122.268121800 21.094000000
1567284534000433311       37.870489800 -122.268125900 21.782000000
1567284535000433456       37.870486900 -122.268130200 22.361000000
1567284536000433601       37.870483900 -122.268134900 22.829000000
1567284537000433747       37.870481600 -122.268139100 23.280000000
1567284538000433892       37.870478000 -122.268145400 23.847000000
1567284539000434037       37.870474700 -122.268151200 24.212000000
1567284540000434183       37.870472300 -122.268155900 24.338000000
1567284541000434330       37.870470500 -122.268159400 24.546000000
1567284542000434476       37.870468900 -122.268162300 24.671000000
1567284543000434623       37.870470000 -122.268163100 24.369000000
1567284544000434771       37.870471600 -122.268163700 24.028000000
1567284545000434914       37.870468100 -122.268168700 25.196000000
1567284546000435059       37.870465100 -122.268174800 25.823000000
1567284547000435204       37.870462400 -122.268180100 26.399000000
1567284548000435348       37.870459400 -122.268185300 27.242000000
1567284549000435492       37.870456400 -122.268191500 28.012000000
1567284550000435637       37.870452500 -122.268198200 28.827000000
1567284551000435781       37.870449400 -122.268203700 29.646000000
1567284552000435925       37.870445500 -122.268210200 30.636000000
1567284553000436069       37.870442100 -122.268216000 31.518000000
1567284554000436213       37.870439100 -122.268220800 32.331000000
1567284555000436358       37.870437100 -122.268224400 32.736000000
1567284556000436503       37.870434500 -122.268228500 33.203000000
1567284557000436647       37.870432400 -122.268232200 33.825000000
1567284558000436792       37.870429700 -122.268237100 34.397000000
1567284559000436936       37.870426200 -122.268242300 35.000000000
1567284560000437080       37.870428800 -122.268233900 35.508000000
1567284561000437226       37.870425900 -122.268232000 35.661000000
1567284562000437375       37.870425000 -122.268233800 34.922000000
1567284563000437523       37.870424300 -122.268227300 34.531000000
1567284564000437672       37.870415400 -122.268215400 33.857000000
1567284565000437820       37.870401700 -122.268196100 33.328000000
1567284566000437967       37.870379800 -122.268175800 33.160000000
1567284567000438118       37.870358500 -122.268141500 31.646000000
1567284568000438268       37.870339100 -122.268108400 30.554000000
1567284569000438418       37.870325400 -122.268075700 29.319000000
1567284570000438567       37.870321000 -122.268045400 28.680000000
1567284571000438715       37.870322600 -122.268019600 28.195000000
1567284572000438862       37.870328300 -122.267998800 28.056000000
1567284573000439009       37.870332100 -122.267986200 27.653000000
1567284574000439157       37.870333800 -122.267985200 27.359000000
1567284575000439305       37.870335800 -122.267984900 26.972000000
1567284576000439452       37.870337300 -122.267985600 26.795000000
1567284577000439599       37.870339500 -122.267985600 26.671000000
1567284578000439747       37.870341900 -122.267984500 26.335000000
1567284579000439895       37.870343500 -122.267983500 25.968000000
1567284580000440043       37.870344600 -122.267981700 25.507000000
1567284581000440190       37.870345900 -122.267979500 25.085000000
1567284582000440338       37.870347000 -122.267977400 24.614000000
1567284583000440486       37.870348300 -122.267975200 24.139000000
1567284584000440634       37.870349500 -122.267973200 23.751000000
1567284585000440782       37.870350100 -122.267971300 23.288000000
1567284586000440930       37.870350600 -122.267968700 22.906000000
1567284587000441078       37.870351000 -122.267966100 22.475000000
1567284588000441226       37.870351400 -122.267963900 22.088000000
1567284589000441374       37.870351700 -122.267961800 21.754000000
1567284590000441521       37.870352000 -122.267960300 21.487000000
1567284591000441669       37.870352500 -122.267958800 21.153000000
1567284592000441816       37.870353200 -122.267957400 20.937000000
1567284593000441964       37.870353800 -122.267956300 20.677000000
1567284594000442111       37.870354200 -122.267955500 20.535000000
1567284595000442258       37.870354100 -122.267954500 20.291000000
1567284596000442405       37.870354000 -122.267953100 20.207000000
1567284597000442553       37.870354000 -122.267951800 19.996000000
1567284598000442700       37.870354800 -122.267950800 19.848000000
1567284599000442847       37.870355700 -122.267949900 19.780000000
1567284600000442994       37.870356200 -122.267949100 19.687000000
1567284601000443141       37.870356600 -122.267948600 19.522000000
1567284602000443288       37.870356800 -122.267948200 19.405000000
1567284603000443434       37.870357200 -122.267948800 19.403000000
1567284604000443580       37.870357400 -122.267949400 19.521000000
1567284605000443726       37.870357600 -122.267949400 19.776000000
1567284606000443872       37.870357800 -122.267949500 19.965000000
1567284607000444019       37.870357700 -122.267950300 20.204000000
1567284608000444164       37.870357800 -122.267951700 20.523000000
1567284609000444310       37.870357800 -122.267953200 20.600000000
1567284610000444456       37.870358300 -122.267954500 20.870000000
1567284611000444602       37.870358400 -122.267956400 21.091000000
1567284612000444747       37.870358500 -122.267957800 21.509000000
1567284613000444893       37.870359800 -122.267958900 21.819000000
1567284614000445038       37.870360700 -122.267960200 22.069000000
1567284615000445183       37.870361200 -122.267961200 22.491000000
1567284616000445328       37.870361200 -122.267962700 22.847000000
1567284617000445473       37.870361400 -122.267964200 23.219000000
1567284618000445618       37.870361500 -122.267965700 23.662000000
1567284619000445763       37.870363400 -122.267961000 24.106000000
1567284620000445909       37.870368100 -122.267938300 24.190000000
1567284621000446057       37.870376200 -122.267885500 23.931000000
1567284622000446205       37.870386700 -122.267813000 23.609000000
1567284623000446352       37.870398700 -122.267729400 23.581000000
1567284624000446500       37.870413400 -122.267630600 23.337000000
1567284625000446647       37.870428600 -122.267519500 23.291000000
1567284626000446793       37.870446500 -122.267394800 23.723000000
1567284627000446939       37.870465300 -122.267266300 23.937000000
1567284628000447086       37.870481000 -122.267141100 23.815000000
1567284629000447232       37.870496100 -122.267021300 24.052000000
1567284630000447379       37.870510400 -122.266907300 24.131000000
1567284631000447525       37.870519300 -122.266798700 24.280000000
1567284632000447672       37.870528300 -122.266695400 24.142000000
1567284633000447819       37.870538400 -122.266597400 23.875000000
1567284634000447965       37.870547700 -122.266505400 23.982000000
1567284635000448111       37.870558100 -122.266420200 24.031000000
1567284636000448256       37.870570500 -122.266339700 24.510000000
1567284637000448402       37.870581400 -122.266271400 24.484000000
1567284638000448547       37.870588500 -122.266221900 24.865000000
1567284639000448693       37.870593300 -122.266192100 24.860000000
1567284640000448839       37.870596700 -122.266179700 24.603000000
1567284641000448985       37.870597800 -122.266176100 24.562000000
1567284642000449130       37.870598200 -122.266174900 24.627000000
1567284643000449275       37.870598100 -122.266172200 24.646000000
1567284644000449421       37.870599900 -122.266169200 24.509000000
1567284645000449567       37.870601900 -122.266166000 24.167000000
1567284646000449712       37.870605300 -122.266163200 24.215000000
1567284647000449858       37.870607000 -122.266158400 23.836000000
1567284648000450004       37.870609100 -122.266152000 23.752000000
1567284649000450150       37.870612200 -122.266143400 23.582000000
1567284650000450294       37.870617600 -122.266132000 23.790000000
1567284651000450439       37.870620700 -122.266123100 23.706000000
1567284652000450585       37.870621400 -122.266120000 23.579000000
1567284653000450730       37.870620700 -122.266119500 23.490000000
1567284654000450875       37.870620000 -122.266119000 23.384000000
1567284655000451021       37.870619700 -122.266118700 23.239000000
1567284656000451166       37.870619100 -122.266118600 23.267000000
1567284657000451311       37.870619300 -122.266118700 23.323000000
1567284658000451456       37.870619100 -122.266118200 23.355000000
1567284659000451600       37.870618400 -122.266117800 23.599000000
1567284660000451745       37.870617700 -122.266117300 23.678000000
1567284661000451890       37.870616900 -122.266116100 23.610000000
1567284662000452035       37.870616700 -122.266115300 23.671000000
1567284663000452179       37.870616600 -122.266114800 23.600000000
1567284664000452324       37.870616900 -122.266114300 23.526000000
1567284665000452468       37.870617400 -122.266113700 23.614000000
1567284666000452613       37.870618700 -122.266113300 23.581000000
1567284667000452758       37.870619900 -122.266112900 23.553000000
1567284668000452903       37.870621100 -122.266112100 23.377000000
1567284669000453048       37.870622300 -122.266111100 23.247000000
1567284670000453192       37.870622900 -122.266110100 23.119000000
1567284671000453337       37.870624100 -122.266109600 22.930000000
1567284672000453482       37.870625100 -122.266109000 22.807000000
1567284673000453626       37.870625700 -122.266108500 22.693000000
1567284674000453771       37.870626100 -122.266108300 22.637000000
1567284675000453915       37.870626100 -122.266108200 22.535000000
1567284676000454059       37.870625500 -122.266107800 22.482000000
1567284677000454204       37.870625400 -122.266106400 22.209000000
1567284678000454348       37.870627500 -122.266094900 22.241000000
1567284679000454492       37.870634300 -122.266063000 22.262000000
1567284680000454637       37.870644600 -122.266013500 22.304000000
1567284681000454782       37.870659100 -122.265958500 22.312000000
1567284682000454926       37.870687700 -122.265909100 22.218000000
1567284683000455071       37.870728600 -122.265872700 22.106000000
1567284684000455214       37.870782100 -122.265858500 22.657000000
1567284685000455358       37.870846100 -122.265864300 23.068000000
1567284686000455502       37.870918800 -122.265876300 23.149000000
1567284687000455644       37.870993900 -122.265889600 23.871000000
1567284688000455788       37.871065900 -122.265901500 24.004000000
1567284689000455931       37.871128700 -122.265907900 24.376000000
1567284690000456075       37.871182000 -122.265914900 24.589000000
1567284691000456220       37.871223000 -122.265917100 24.317000000
1567284692000456365       37.871255900 -122.265918900 24.110000000
1567284693000456509       37.871288200 -122.265922700 24.104000000
1567284694000456652       37.871321600 -122.265925400 24.258000000
1567284695000456795       37.871357200 -122.265929400 24.485000000
1567284696000456939       37.871396000 -122.265934000 24.608000000
1567284697000457083       37.871440600 -122.265938600 24.824000000
1567284698000457227       37.871493700 -122.265944200 24.856000000
1567284699000457370       37.871557400 -122.265950700 24.947000000
1567284700000457514       37.871628300 -122.265957800 24.970000000
1567284701000457658       37.871702700 -122.265967200 24.879000000
1567284702000457801       37.871779900 -122.265980900 24.946000000
1567284703000457945       37.871861200 -122.265999300 24.948000000
1567284704000458089       37.871942500 -122.266017700 24.834000000
1567284705000458233       37.872021200 -122.266032100 24.574000000
1567284706000458378       37.872094800 -122.266043600 24.137000000
1567284707000458523       37.872158000 -122.266050700 23.855000000
1567284708000458665       37.872203700 -122.266053500 24.333000000
1567284709000458809       37.872230000 -122.266056800 24.029000000
1567284710000458951       37.872238800 -122.266057100 24.468000000
1567284711000459095       37.872240500 -122.266058200 24.534000000
1567284712000459239       37.872241000 -122.266059500 24.303000000
1567284713000459382       37.872241500 -122.266059000 24.440000000
1567284714000459525       37.872242300 -122.266058000 24.654000000
1567284715000459668       37.872242500 -122.266056800 24.799000000
1567284716000459811       37.872241800 -122.266055400 25.066000000
1567284717000459953       37.872241900 -122.266053800 25.431000000
1567284718000460096       37.872242700 -122.266051700 25.754000000
1567284719000460239       37.872243100 -122.266050300 25.910000000
1567284720000460382       37.872243100 -122.266049400 26.083000000
1567284721000460525       37.872243200 -122.266047900 26.233000000
1567284722000460668       37.872242800 -122.266047200 26.432000000
1567284723000460811       37.872242500 -122.266046600 26.596000000
1567284724000460954       37.872244000 -122.266046400 26.658000000
1567284725000461098       37.872252700 -122.266047300 26.626000000
1567284726000461241       37.872274200 -122.266051000 26.832000000
1567284727000461384       37.872304500 -122.266055900 26.850000000
1567284728000461527       37.872340900 -122.266061200 26.939000000
1567284729000461670       37.872382900 -122.266075100 27.016000000
1567284730000461811       37.872418300 -122.266107400 27.821000000
1567284731000461953       37.872444000 -122.266157400 28.346000000
1567284732000462096       37.872459400 -122.266219400 28.287000000
1567284733000462239       37.872461100 -122.266288800 28.306000000
1567284734000462382       37.872454200 -122.266362100 28.259000000
1567284735000462526       37.872441900 -122.266443000 27.768000000
1567284736000462669       37.872428400 -122.266527400 27.382000000
1567284737000462813       37.872416100 -122.266613000 27.156000000
1567284738000462957       37.872406200 -122.266697900 26.601000000
1567284739000463099       37.872395000 -122.266775300 27.043000000
1567284740000463242       37.872384300 -122.266850000 27.031000000
1567284741000463384       37.872373500 -122.266930800 27.199000000
1567284742000463528       37.872360900 -122.267016000 27.114000000
1567284743000463671       37.872348700 -122.267101500 27.054000000
1567284744000463814       37.872340000 -122.267184300 26.979000000
1567284745000463957       37.872332900 -122.267261200 27.030000000
1567284746000464101       37.872325200 -122.267328400 26.901000000
1567284747000464245       37.872318000 -122.267379300 26.579000000
1567284748000464388       37.872313200 -122.267409500 26.584000000
1567284749000464532       37.872312400 -122.267421400 26.528000000
1567284750000464676       37.872312200 -122.267425700 26.535000000
1567284751000464820       37.872312300 -122.267429100 26.482000000
1567284752000464964       37.872312700 -122.267430700 26.350000000
1567284753000465108       37.872312200 -122.267433200 26.362000000
1567284754000465252       37.872312000 -122.267434600 26.164000000
1567284755000465396       37.872311200 -122.267434500 26.147000000
1567284756000465540       37.872310600 -122.267435600 25.985000000
1567284757000465684       37.872309600 -122.267435900 25.916000000
1567284758000465829       37.872309900 -122.267436400 25.534000000
1567284759000465973       37.872310000 -122.267436600 25.306000000
1567284760000466117       37.872309600 -122.267436900 25.127000000
1567284761000466261       37.872309200 -122.267437500 24.921000000
1567284762000466405       37.872308100 -122.267437500 24.889000000
1567284763000466549       37.872307000 -122.267437400 24.766000000
1567284764000466694       37.872306700 -122.267437800 24.378000000
1567284765000466839       37.872306100 -122.267438000 24.058000000
1567284766000466983       37.872305800 -122.267438400 23.713000000
1567284767000467128       37.872305000 -122.267439100 23.459000000
1567284768000467272       37.872304700 -122.267440000 23.148000000
1567284769000467417       37.872304700 -122.267440700 22.830000000
1567284770000467561       37.872304700 -122.267441200 22.496000000
1567284771000467705       37.872305200 -122.267441400 22.294000000
1567284772000467850       37.872306500 -122.267442000 21.900000000
1567284773000467994       37.872307300 -122.267442800 21.702000000
1567284774000468138       37.872308500 -122.267443900 21.308000000
1567284775000468282       37.872309200 -122.267444900 21.153000000
1567284776000468426       37.872309700 -122.267445700 21.040000000
1567284777000468570       37.872310300 -122.267445900 21.051000000
1567284778000468714       37.872310700 -122.267446300 20.905000000
1567284779000468858       37.872311100 -122.267446600 20.746000000
1567284780000469001       37.872311300 -122.267446700 20.832000000
1567284781000469145       37.872311900 -122.267447000 20.765000000
1567284782000469289       37.872312900 -122.267447100 20.659000000
1567284783000469433       37.872313600 -122.267447100 20.636000000
1567284784000469577       37.872313900 -122.267447400 20.636000000
1567284785000469720       37.872312500 -122.267451500 20.834000000
1567284786000469864       37.872311200 -122.267464900 20.911000000
1567284787000470007       37.872308400 -122.267490600 21.273000000
1567284788000470149       37.872302800 -122.267531400 21.876000000
1567284789000470293       37.872298100 -122.267587200 21.680000000
1567284790000470437       37.872290500 -122.267650900 21.556000000
1567284791000470581       37.872277400 -122.267722800 21.553000000
1567284792000470723       37.872262800 -122.267801700 21.803000000
1567284793000470867       37.872249100 -122.267882800 21.715000000
1567284794000471012       37.872238500 -122.267960900 21.610000000
1567284795000471156       37.872230000 -122.268025300 21.607000000
1567284796000471299       37.872221600 -122.268072100 22.006000000
1567284797000471442       37.872216700 -122.268105400 22.207000000
1567284798000471584       37.872212100 -122.268121000 22.750000000
1567284799000471726       37.872208700 -122.268122800 23.527000000
1567284800000471870       37.872208200 -122.268122000 23.414000000
1567284801000472015       37.872206800 -122.268121200 23.367000000
1567284802000472158       37.872204500 -122.268120700 23.682000000
1567284803000472301       37.872201900 -122.268121400 23.948000000
1567284804000472444       37.872199800 -122.268123800 24.077000000
1567284805000472589       37.872197900 -122.268128300 24.111000000
1567284806000472732       37.872195300 -122.268137300 24.156000000
1567284807000472876       37.872191700 -122.268158100 24.338000000
1567284808000473020       37.872186800 -122.268191300 24.347000000
1567284809000473164       37.872180600 -122.268227100 24.360000000
1567284810000473308       37.872173800 -122.268258000 24.456000000
1567284811000473452       37.872168300 -122.268280800 24.549000000
1567284812000473595       37.872164200 -122.268296000 24.906000000
1567284813000473738       37.872161800 -122.268304800 25.382000000
1567284814000473882       37.872160600 -122.268307000 25.666000000
1567284815000474025       37.872160000 -122.268306800 25.929000000
1567284816000474169       37.872159300 -122.268306700 26.088000000
1567284817000474314       37.872158900 -122.268306100 26.149000000
1567284818000474459       37.872158700 -122.268306200 26.125000000
1567284819000474604       37.872158200 -122.268308900 25.857000000
1567284820000474748       37.872155500 -122.268318300 25.805000000
1567284821000474893       37.872144300 -122.268338300 25.896000000
1567284822000475038       37.872117300 -122.268364200 25.435000000
1567284823000475183       37.872069800 -122.268382900 25.134000000
1567284824000475328       37.872006100 -122.268387500 24.801000000
1567284825000475473       37.871931300 -122.268381700 24.631000000
1567284826000475618       37.871846100 -122.268365300 24.385000000
1567284827000475762       37.871754600 -122.268345900 24.249000000
1567284828000475906       37.871661300 -122.268328200 24.172000000
1567284829000476051       37.871574500 -122.268311600 24.086000000
1567284830000476194       37.871497900 -122.268297800 24.434000000
1567284831000476339       37.871435700 -122.268289100 24.314000000
1567284832000476484       37.871387200 -122.268282600 24.097000000
1567284833000476629       37.871348700 -122.268276700 24.046000000
1567284834000476773       37.871321800 -122.268272100 24.200000000
1567284835000476918       37.871306800 -122.268269200 24.034000000
1567284836000477062       37.871302100 -122.268266100 24.303000000
1567284837000477207       37.871302300 -122.268264900 24.523000000
1567284838000477351       37.871302700 -122.268263700 24.774000000
1567284839000477495       37.871303200 -122.268262100 24.854000000
1567284840000477640       37.871303000 -122.268260900 25.021000000
1567284841000477784       37.871302800 -122.268259900 25.217000000
1567284842000477928       37.871302800 -122.268258300 25.519000000
1567284843000478072       37.871302700 -122.268256300 26.025000000
1567284844000478216       37.871302700 -122.268254500 26.464000000
1567284845000478359       37.871302400 -122.268253200 26.922000000
1567284846000478503       37.871301800 -122.268251600 27.373000000
1567284847000478646       37.871300900 -122.268249500 27.916000000
1567284848000478790       37.871300200 -122.268248300 28.402000000
1567284849000478934       37.871299300 -122.268247000 28.805000000
1567284850000479077       37.871297900 -122.268244700 29.553000000
1567284851000479220       37.871297100 -122.268243000 30.218000000
1567284852000479363       37.871296300 -122.268241900 30.831000000
1567284853000479508       37.871293300 -122.268240800 30.920000000
1567284854000479652       37.871283500 -122.268238000 31.072000000
1567284855000479799       37.871268600 -122.268235800 30.412000000
1567284856000479946       37.871251300 -122.268228600 29.797000000
1567284857000480092       37.871231300 -122.268216000 29.363000000
1567284858000480238       37.871209400 -122.268192000 29.128000000
1567284859000480386       37.871194600 -122.268159900 27.886000000
1567284860000480533       37.871188100 -122.268119700 27.309000000
1567284861000480679       37.871191800 -122.268069600 26.904000000
1567284862000480824       37.871200200 -122.268014200 26.765000000
1567284863000480970       37.871208900 -122.267962600 26.603000000
1567284864000481115       37.871216000 -122.267926600 26.578000000
1567284865000481259       37.871222300 -122.267911600 26.669000000
1567284866000481405       37.871224800 -122.267908400 26.438000000
1567284867000481551       37.871226400 -122.267910000 26.095000000
1567284868000481697       37.871228000 -122.267911400 25.628000000
1567284869000481843       37.871229200 -122.267912800 25.289000000
1567284870000481989       37.871230200 -122.267914500 25.038000000
1567284871000482134       37.871231400 -122.267915900 24.675000000
1567284872000482280       37.871231800 -122.267916900 24.586000000
1567284873000482425       37.871231900 -122.267918400 24.427000000
1567284874000482571       37.871231600 -122.267919900 24.137000000
1567284875000482717       37.871231500 -122.267921700 23.958000000
1567284876000482863       37.871231000 -122.267923600 23.882000000
1567284877000483008       37.871230800 -122.267924800 23.698000000
1567284878000483154       37.871230100 -122.267925600 23.673000000
1567284879000483300       37.871230200 -122.267926900 23.511000000
1567284880000483445       37.871229900 -122.267928300 23.379000000
1567284881000483591       37.871229600 -122.267929500 23.235000000
1567284882000483737       37.871229000 -122.267930300 23.043000000
1567284883000483882       37.871227800 -122.267930900 23.000000000
1567284884000484028       37.871227500 -122.267931900 22.905000000
1567284885000484174       37.871227500 -122.267932800 22.767000000
1567284886000484319       37.871227700 -122.267933600 22.659000000
1567284887000484464       37.871228000 -122.267934000 22.484000000
1567284888000484610       37.871228400 -122.267934600 22.443000000
1567284889000484755       37.871228900 -122.267935300 22.424000000
1567284890000484900       37.871229300 -122.267935800 22.399000000
1567284891000485044       37.871229700 -122.267936200 22.509000000
1567284892000485189       37.871230000 -122.267936500 22.511000000
1567284893000485333       37.871229000 -122.267935800 22.951000000
1567284894000485476       37.871228300 -122.267935100 23.359000000
1567284895000485621       37.871227000 -122.267934200 23.638000000
1567284896000485765       37.871226300 -122.267933200 23.901000000
1567284897000485909       37.871226200 -122.267932500 24.207000000
1567284898000486053       37.871225200 -122.267931000 24.571000000
1567284899000486198       37.871224100 -122.267929900 24.690000000
1567284900000486342       37.871223100 -122.267929100 24.954000000
1567284901000486486       37.871222400 -122.267928200 25.154000000
1567284902000486631       37.871222400 -122.267927300 25.224000000
1567284903000486775       37.871221400 -122.267925900 25.317000000
1567284904000486920       37.871220900 -122.267924600 25.338000000
1567284905000487065       37.871221000 -122.267923700 25.225000000
1567284906000487209       37.871221100 -122.267923000 25.261000000
1567284907000487354       37.871221200 -122.267922500 25.278000000
1567284908000487499       37.871221200 -122.267922200 25.208000000
1567284909000487645       37.871221800 -122.267922300 25.010000000
1567284910000487790       37.871222500 -122.267921800 24.900000000
1567284911000487935       37.871223200 -122.267921800 24.867000000
1567284912000488080       37.871224000 -122.267922100 24.824000000
1567284913000488224       37.871225100 -122.267922600 24.801000000
1567284914000488369       37.871226100 -122.267923800 24.802000000
1567284915000488514       37.871226700 -122.267924900 24.824000000
1567284916000488658       37.871227600 -122.267926200 24.896000000
1567284917000488802       37.871228000 -122.267926800 24.946000000
1567284918000488946       37.871229000 -122.267927500 25.104000000
1567284919000489091       37.871229900 -122.267928000 25.156000000
1567284920000489234       37.871230600 -122.267928400 25.296000000
1567284921000489379       37.871232400 -122.267925800 25.283000000
1567284922000489524       37.871234600 -122.267907800 25.229000000
1567284923000489669       37.871238400 -122.267870500 25.089000000
1567284924000489813       37.871244500 -122.267816600 25.133000000
1567284925000489958       37.871253600 -122.267747300 25.183000000
1567284926000490103       37.871265100 -122.267665100 25.127000000
1567284927000490247       37.871277300 -122.267575100 25.600000000
1567284928000490390       37.871287800 -122.267485100 26.053000000
1567284929000490535       37.871298000 -122.267406000 26.178000000
1567284930000490679       37.871310300 -122.267344100 26.294000000
1567284931000490823       37.871317200 -122.267299100 26.271000000
1567284932000490967       37.871320800 -122.267274200 26.254000000
1567284933000491112       37.871322700 -122.267261700 25.895000000
1567284934000491257       37.871324100 -122.267254700 25.808000000
1567284935000491401       37.871325300 -122.267249000 25.667000000
1567284936000491545       37.871325700 -122.267239300 25.629000000
1567284937000491689       37.871327100 -122.267221000 25.627000000
1567284938000491834       37.871329600 -122.267186200 25.609000000
1567284939000491978       37.871336800 -122.267130400 25.712000000
1567284940000492122       37.871347200 -122.267052700 26.020000000
1567284941000492266       37.871361000 -122.266957800 26.238000000
1567284942000492410       37.871375200 -122.266850300 26.658000000
1567284943000492553       37.871389200 -122.266737400 27.058000000
1567284944000492698       37.871402800 -122.266627900 27.076000000
1567284945000492841       37.871412900 -122.266524700 27.437000000
1567284946000492984       37.871420500 -122.266434900 27.632000000
1567284947000493128       37.871430700 -122.266367300 27.795000000
1567284948000493271       37.871436600 -122.266317700 27.835000000
1567284949000493414       37.871443000 -122.266282500 28.014000000
1567284950000493557       37.871448800 -122.266255500 28.097000000
1567284951000493700       37.871452200 -122.266235700 28.035000000
1567284952000493844       37.871453600 -122.266225700 27.962000000
1567284953000493988       37.871453900 -122.266221100 27.799000000
1567284954000494131       37.871455800 -122.266214100 27.627000000
1567284955000494275       37.871458500 -122.266203100 27.395000000
1567284956000494418       37.871459500 -122.266193300 27.468000000
1567284957000494561       37.871460300 -122.266188600 27.295000000
1567284958000494704       37.871459700 -122.266186800 27.404000000
1567284959000494847       37.871459000 -122.266186400 27.433000000
1567284960000494990       37.871458200 -122.266186000 27.491000000
1567284961000495133       37.871457800 -122.266185400 27.338000000
1567284962000495276       37.871456900 -122.266183800 27.228000000
1567284963000495419       37.871456400 -122.266181100 26.980000000
1567284964000495562       37.871457000 -122.266177800 26.879000000
1567284965000495705       37.871456400 -122.266174500 26.709000000
1567284966000495848       37.871456000 -122.266173500 26.585000000
1567284967000495991       37.871456000 -122.266171800 26.444000000
1567284968000496134       37.871457500 -122.266167100 26.229000000
1567284969000496277       37.871459400 -122.266155800 26.153000000
1567284970000496420       37.871464200 -122.266133400 26.166000000
1567284971000496562       37.871472300 -122.266098200 26.216000000
1567284972000496704       37.871486400 -122.266056100 26.377000000
1567284973000496848       37.871513500 -122.266017100 26.077000000
1567284974000496989       37.871556500 -122.265988600 26.406000000
1567284975000497131       37.871606800 -122.265971700 26.415000000
1567284976000497273       37.871656500 -122.265966000 26.587000000
1567284977000497415       37.871707800 -122.265968700 26.714000000
1567284978000497556       37.871763000 -122.265976100 26.663000000
1567284979000497698       37.871817100 -122.265983000 26.552000000
1567284980000497839       37.871866800 -122.265988900 26.656000000
1567284981000497982       37.871917700 -122.265995200 26.481000000
1567284982000498124       37.871966400 -122.266002700 26.174000000
1567284983000498262       37.872007300 -122.266006800 27.249000000
1567284984000498402       37.872047300 -122.266014900 27.495000000
1567284985000498545       37.872091600 -122.266022400 27.175000000
1567284986000498686       37.872141600 -122.266028800 26.945000000
1567284987000498828       37.872192000 -122.266036200 26.712000000
1567284988000498970       37.872237600 -122.266043400 26.700000000
1567284989000499110       37.872276100 -122.266045900 26.938000000
1567284990000499250       37.872300600 -122.266046300 27.218000000
1567284991000499390       37.872312100 -122.266043700 27.656000000
1567284992000499531       37.872325400 -122.266042300 27.616000000
1567284993000499672       37.872348600 -122.266038200 27.538000000
1567284994000499812       37.872374600 -122.266024900 27.637000000
1567284995000499953       37.872394500 -122.266009400 27.803000000
1567284996000500092       37.872407900 -122.265993900 28.266000000
1567285001294467529       37.872421400 -122.265977400 28.319000000
1567285002294467670       37.872439500 -122.265948600 28.132000000
1567285003294467812       37.872456500 -122.265908700 28.051000000
1567285004294467953       37.872467300 -122.265867500 28.121000000
1567285005294468092       37.872475600 -122.265823700 28.688000000
1567285006294468233       37.872473300 -122.265765300 28.871000000
1567285007294468373       37.872459600 -122.265696300 29.506000000
1567285008294468513       37.872432500 -122.265623000 30.050000000
1567285009294468655       37.872395900 -122.265551800 30.266000000
1567285010294468796       37.872352300 -122.265488200 30.465000000
1567285011294468937       37.872303000 -122.265430500 30.894000000
1567285012294469078       37.872252200 -122.265374200 31.495000000
1567285013294469218       37.872200800 -122.265321100 31.974000000
1567285014294469358       37.872151800 -122.265276400 32.439000000
1567285015294469498       37.872108300 -122.265240200 32.855000000
1567285016294469639       37.872076900 -122.265214100 32.780000000
1567285017294469779       37.872057200 -122.265200500 32.966000000
1567285018294469919       37.872043400 -122.265193200 33.111000000
1567285019294470059       37.872031200 -122.265186100 33.079000000
1567285020294470200       37.872017900 -122.265178900 32.950000000
1567285021294470341       37.872005600 -122.265172500 32.911000000
1567285022294470481       37.871996200 -122.265167900 32.870000000
1567285023294470621       37.871984800 -122.265161900 33.075000000
1567285024294470760       37.871969800 -122.265153500 33.391000000
1567285025294470901       37.871952000 -122.265143900 33.438000000
1567285026294471041       37.871934100 -122.265133000 33.339000000
1567285027294471182       37.871915300 -122.265120900 33.050000000
1567285028294471322       37.871892100 -122.265110100 33.182000000
1567285029294471462       37.871864500 -122.265099200 33.223000000
1567285030294471603       37.871831600 -122.265087000 33.251000000
1567285031294471742       37.871795300 -122.265074200 33.369000000
1567285032294471882       37.871761300 -122.265056300 33.386000000
1567285033294472022       37.871733600 -122.265031800 33.513000000
1567285034294472161       37.871716000 -122.265000500 33.725000000
1567285035294472301       37.871710800 -122.264963600 33.577000000
1567285036294472442       37.871716100 -122.264926000 33.375000000
1567285037294472582       37.871728700 -122.264889400 33.314000000
1567285038294472722       37.871744300 -122.264851500 33.199000000
1567285039294472861       37.871763300 -122.264817200 33.509000000
1567285040294472999       37.871784400 -122.264786200 33.883000000
1567285041294473139       37.871799800 -122.264759900 33.837000000
1567285042294473280       37.871813100 -122.264733800 33.731000000
1567285043294473420       37.871831700 -122.264695900 33.857000000
1567285044294473559       37.871852500 -122.264648800 33.981000000
1567285045294473700       37.871874900 -122.264592200 33.853000000
1567285046294473840       37.871897700 -122.264521100 33.890000000
1567285047294473981       37.871920000 -122.264437500 33.654000000
1567285048294474121       37.871938400 -122.264350500 33.656000000
1567285049294474261       37.871951600 -122.264267300 33.731000000
1567285050294474401       37.871961700 -122.264193700 33.891000000
1567285051294474541       37.871970300 -122.264131600 33.854000000
1567285052294474681       37.871977900 -122.264080900 34.089000000
1567285053294474820       37.871986700 -122.264042200 34.521000000
1567285054294474958       37.871995700 -122.264011900 34.866000000
1567285055294475099       37.872003600 -122.263991600 34.639000000
1567285056294475239       37.872005900 -122.263984700 34.559000000
1567285057294475379       37.872006200 -122.263985100 34.544000000
1567285058294475518       37.872006700 -122.263985400 34.536000000
1567285059294475658       37.872007000 -122.263985600 34.539000000
1567285060294475798       37.872007800 -122.263985700 34.534000000
1567285061294475938       37.872008400 -122.263986100 34.443000000
1567285062294476077       37.872008300 -122.263986700 34.461000000
