1567281061294869508       37.871974100 -122.263973000 35.285000000
1567281062294869670       37.871974400 -122.263972700 35.357000000
1567281063294869833       37.871974900 -122.263972200 35.340000000
1567281064294869996       37.871975900 -122.263967400 35.141000000
1567281065294870159       37.871978800 -122.263953100 35.343000000
1567281066294870322       37.871986700 -122.263923200 35.155000000
1567281067294870485       37.871998900 -122.263879000 34.903000000
1567281068294870647       37.872008000 -122.263821600 34.779000000
1567281069294870810       37.872007000 -122.263757000 34.788000000
1567281070294870971       37.871999500 -122.263695300 35.284000000
1567281071294871132       37.871991800 -122.263640000 35.818000000
1567281072294871293       37.871994400 -122.263587700 36.560000000
1567281073294871453       37.872009000 -122.263539000 37.205000000
1567281074294871613       37.872032200 -122.263497600 38.403000000
1567281075294871776       37.872064700 -122.263465700 37.998000000
1567281076294871939       37.872104400 -122.263444000 37.986000000
1567281077294872103       37.872143200 -122.263434200 37.667000000
1567281078294872266       37.872180100 -122.263441300 37.646000000
1567281079294872429       37.872212500 -122.263461300 37.358000000
1567281080294872592       37.872239400 -122.263489600 37.590000000
1567281081294872754       37.872259000 -122.263524000 37.613000000
1567281082294872918       37.872271800 -122.263564000 37.487000000
1567281083294873080       37.872275200 -122.263606300 37.625000000
1567281084294873244       37.872271800 -122.263646700 37.051000000
1567281085294873408       37.872258500 -122.263691300 36.596000000
1567281086294873571       37.872234200 -122.263730800 36.470000000
1567281087294873733       37.872202800 -122.263761800 36.385000000
1567281088294873896       37.872163300 -122.263780000 36.205000000
1567281089294874058       37.872119800 -122.263779200 36.293000000
1567281090294874221       37.872077400 -122.263758000 36.017000000
1567281091294874382       37.872042100 -122.263717100 36.278000000
1567281092294874545       37.872015600 -122.263668900 36.290000000
1567281093294874706       37.872007200 -122.263610900 37.046000000
1567281094294874866       37.872018700 -122.263551000 37.712000000
1567281095294875028       37.872037800 -122.263499100 38.130000000
1567281096294875188       37.872076100 -122.263458900 38.959000000
1567281097294875352       37.872122800 -122.263435200 38.482000000
1567281098294875515       37.872171300 -122.263431100 38.378000000
1567281099294875678       37.872216500 -122.263447200 38.379000000
1567281100294875841       37.872252100 -122.263481100 38.382000000
1567281101294876004       37.872275200 -122.263530600 38.215000000
1567281102294876168       37.872285400 -122.263591300 37.705000000
1567281103294876331       37.872276600 -122.263654400 37.304000000
1567281104294876495       37.872252800 -122.263710700 36.676000000
1567281105294876657       37.872217300 -122.263760300 36.542000000
1567281106294876820       37.872176700 -122.263809400 36.218000000
1567281107294876983       37.872141000 -122.263865500 35.931000000
1567281108294877146       37.872114600 -122.263932500 35.653000000
1567281109294877307       37.872093000 -122.264008500 35.941000000
1567281110294877470       37.872069700 -122.264087400 35.617000000
1567281111294877632       37.872047200 -122.264167900 35.339000000
1567281112294877793       37.872024000 -122.264253300 35.521000000
1567281113294877955       37.872001900 -122.264344000 35.547000000
1567281114294878118       37.871983100 -122.264436200 35.238000000
1567281115294878280       37.871968500 -122.264521700 35.345000000
1567281116294878441       37.871960000 -122.264589900 35.543000000
1567281117294878603       37.871955700 -122.264645900 35.180000000
1567281118294878766       37.871954500 -122.264698300 34.692000000
1567281119294878929       37.871953400 -122.264756700 34.524000000
1567281120294879091       37.871950600 -122.264820900 34.590000000
1567281121294879252       37.871947200 -122.264884300 34.872000000
1567281122294879413       37.871947700 -122.264948400 35.127000000
1567281123294879575       37.871955100 -122.265010300 35.380000000
1567281124294879736       37.871975800 -122.265067100 35.786000000
1567281125294879897       37.872011500 -122.265115100 35.965000000
1567281126294880060       37.872058100 -122.265155100 35.702000000
1567281127294880222       37.872112100 -122.265196500 35.569000000
1567281128294880384       37.872168200 -122.265242200 35.159000000
1567281129294880546       37.872224400 -122.265294800 34.603000000
1567281130294880709       37.872280800 -122.265356900 33.456000000
1567281131294880873       37.872335900 -122.265428000 32.443000000
1567281132294881035       37.872387100 -122.265503000 31.530000000
1567281133294881198       37.872433300 -122.265579300 30.838000000
1567281134294881361       37.872469800 -122.265656700 29.919000000
1567281135294881523       37.872494300 -122.265733800 29.386000000
1567281136294881685       37.872505500 -122.265809300 29.173000000
1567281137294881848       37.872505400 -122.265881600 28.534000000
1567281138294882011       37.872493200 -122.265951000 27.988000000
1567281139294882174       37.872467900 -122.266014100 27.589000000
1567281140294882337       37.872431700 -122.266065900 27.237000000
1567281141294882500       37.872388500 -122.266101700 27.086000000
1567281142294882662       37.872340600 -122.266117800 26.995000000
1567281143294882824       37.872285800 -122.266117100 27.146000000
1567281144294882987       37.872223700 -122.266109900 27.087000000
1567281145294883150       37.872153700 -122.266101100 27.028000000
1567281146294883313       37.872075000 -122.266092500 26.560000000
1567281147294883475       37.871989400 -122.266083900 26.747000000
1567281148294883637       37.871899400 -122.266073800 27.020000000
1567281149294883799       37.871807400 -122.266061800 27.020000000
1567281150294883961       37.871713100 -122.266051200 27.213000000
1567281151294884124       37.871617600 -122.266042100 27.091000000
1567281152294884286       37.871523100 -122.266033000 27.024000000
1567281153294884449       37.871430500 -122.266025700 26.644000000
1567281154294884612       37.871338600 -122.266018900 26.126000000
1567281155294884774       37.871246200 -122.266008000 26.061000000
1567281156294884936       37.871155800 -122.265993900 25.636000000
1567281157294885099       37.871071000 -122.265974500 25.167000000
1567281158294885261       37.870991800 -122.265953300 24.642000000
1567281159294885423       37.870917900 -122.265936700 24.401000000
1567281160294885586       37.870850300 -122.265924600 24.005000000
1567281161294885749       37.870792600 -122.265915500 23.436000000
1567281162294885911       37.870750400 -122.265908900 23.305000000
1567281163294886074       37.870724900 -122.265904100 22.822000000
1567281164294886237       37.870712500 -122.265900700 22.474000000
1567281165294886400       37.870709600 -122.265900700 22.260000000
1567281166294886562       37.870709100 -122.265900700 22.194000000
1567281167294886723       37.870707900 -122.265901100 22.476000000
1567281168294886884       37.870707700 -122.265902000 22.758000000
1567281169294887044       37.870707500 -122.265902600 23.238000000
1567281170294887205       37.870707800 -122.265903300 23.532000000
1567281171294887367       37.870708100 -122.265903700 23.637000000
1567281172294887528       37.870705600 -122.265903500 24.071000000
1567281173294887690       37.870698300 -122.265902400 24.204000000
1567281174294887852       37.870687900 -122.265900200 24.440000000
1567281175294888014       37.870672800 -122.265895000 24.468000000
1567281176294888176       37.870652600 -122.265882600 24.322000000
1567281177294888338       37.870632700 -122.265857500 24.381000000
1567281178294888500       37.870620400 -122.265820200 24.393000000
1567281179294888661       37.870618800 -122.265771900 24.564000000
1567281180294888823       37.870626400 -122.265715100 24.925000000
1567281181294888985       37.870642900 -122.265654400 25.068000000
1567281182294889147       37.870666000 -122.265589300 25.251000000
1567281183294889308       37.870691700 -122.265517400 25.964000000
1567281184294889470       37.870721900 -122.265442500 26.609000000
1567281185294889633       37.870761000 -122.265372200 26.824000000
1567281186294889794       37.870808900 -122.265311100 27.395000000
1567281187294889956       37.870862800 -122.265254700 28.123000000
1567281188294890117       37.870922300 -122.265203700 29.195000000
1567281189294890280       37.870988300 -122.265158100 29.549000000
1567281190294890441       37.871060100 -122.265118000 30.110000000
1567281191294890605       37.871132600 -122.265080100 30.087000000
1567281192294890765       37.871206400 -122.265050600 31.257000000
1567281193294890927       37.871282800 -122.265025100 31.965000000
1567281194294891090       37.871361400 -122.265003600 32.047000000
1567281195294891252       37.871436700 -122.264989400 32.710000000
1567281196294891414       37.871503300 -122.264977700 33.042000000
1567281197294891576       37.871558800 -122.264969200 33.152000000
1567281198294891738       37.871604600 -122.264962300 32.975000000
1567281199294891899       37.871644800 -122.264952200 33.242000000
1567281200294892060       37.871684600 -122.264932400 33.800000000
1567281201294892221       37.871721200 -122.264900700 34.215000000
1567281202294892383       37.871752100 -122.264860700 34.393000000
1567281203294892544       37.871774300 -122.264822700 34.613000000
1567281204294892706       37.871787700 -122.264796400 34.646000000
1567281205294892868       37.871797600 -122.264775800 34.519000000
1567281206294893030       37.871809300 -122.264750200 34.796000000
1567281207294893191       37.871824200 -122.264724200 35.015000000
1567281208294893353       37.871839900 -122.264700800 35.097000000
1567281209294893512       37.871855700 -122.264687200 36.301000000
1567281210294893673       37.871872600 -122.264682500 36.531000000
1567281211294893835       37.871895000 -122.264691800 36.808000000
1567281212294893997       37.871917600 -122.264718000 36.802000000
1567281213294894161       37.871930700 -122.264760100 36.448000000
1567281214294894323       37.871931500 -122.264815700 36.147000000
1567281215294894487       37.871925400 -122.264876400 35.526000000
1567281216294894651       37.871917500 -122.264935600 34.819000000
1567281217294894814       37.871904700 -122.264984000 34.293000000
1567281218294894978       37.871887200 -122.265019600 33.713000000
1567281219294895142       37.871862800 -122.265041500 33.090000000
1567281220294895304       37.871835500 -122.265050000 33.126000000
1567281221294895466       37.871804400 -122.265045600 32.958000000
1567281222294895627       37.871766500 -122.265034700 32.978000000
1567281223294895789       37.871720900 -122.265020700 32.746000000
1567281224294895951       37.871670800 -122.265009300 32.694000000
1567281225294896112       37.871619400 -122.265005900 32.590000000
1567281226294896274       37.871565000 -122.265005100 32.437000000
1567281227294896436       37.871502600 -122.265003100 32.058000000
1567281228294896599       37.871432900 -122.265001900 31.470000000
1567281229294896761       37.871359800 -122.265005600 30.890000000
1567281230294896924       37.871286200 -122.265020600 30.120000000
1567281231294897086       37.871216700 -122.265045300 29.356000000
1567281232294897248       37.871150000 -122.265072900 28.900000000
1567281233294897410       37.871086100 -122.265098900 28.531000000
1567281234294897572       37.871028000 -122.265126800 28.059000000
1567281235294897732       37.870973200 -122.265163900 27.951000000
1567281236294897894       37.870918200 -122.265211800 27.565000000
1567281237294898055       37.870861100 -122.265267900 27.048000000
1567281238294898215       37.870805000 -122.265331400 27.508000000
1567281239294898375       37.870754800 -122.265398800 27.458000000
1567281240294898536       37.870712100 -122.265462200 27.617000000
1567281241294898698       37.870681100 -122.265519500 26.943000000
1567281242294898861       37.870662600 -122.265571200 26.001000000
1567281243294899024       37.870653000 -122.265614100 25.291000000
1567281244294899186       37.870650200 -122.265652400 25.137000000
1567281245294899349       37.870650700 -122.265683000 24.625000000
1567281246294899511       37.870653100 -122.265707400 24.322000000
1567281247294899673       37.870659000 -122.265735700 24.031000000
1567281248294899835       37.870672300 -122.265769500 23.977000000
1567281249294899996       37.870698100 -122.265800200 24.344000000
1567281250294900157       37.870738500 -122.265815600 24.492000000
1567281251294900318       37.870786900 -122.265818100 24.870000000
1567281252294900479       37.870837900 -122.265821800 25.090000000
1567281253294900640       37.870891600 -122.265832500 25.233000000
1567281254294900802       37.870949000 -122.265842400 25.221000000
1567281255294900964       37.871010600 -122.265849400 25.317000000
1567281256294901124       37.871075900 -122.265856600 25.837000000
1567281257294901286       37.871142200 -122.265864400 26.198000000
1567281258294901447       37.871206600 -122.265873400 26.594000000
1567281259294901608       37.871270300 -122.265883300 26.779000000
1567281260294901768       37.871332700 -122.265890100 27.333000000
1567281261294901928       37.871395000 -122.265896800 27.838000000
1567281262294902091       37.871458200 -122.265901300 27.700000000
1567281263294902252       37.871520100 -122.265908700 27.635000000
1567281264294902414       37.871579600 -122.265915900 27.510000000
1567281265294902575       37.871629500 -122.265920500 27.278000000
1567281266294902737       37.871666200 -122.265923400 27.141000000
1567281267294902898       37.871693100 -122.265925300 26.938000000
1567281268294903060       37.871716600 -122.265927000 26.867000000
1567281269294903221       37.871745900 -122.265930600 26.858000000
1567281270294903382       37.871784900 -122.265936100 26.942000000
1567281271294903543       37.871832300 -122.265943300 27.123000000
1567281272294903704       37.871885300 -122.265950500 27.321000000
1567281273294903866       37.871941400 -122.265956800 27.167000000
1567281274294904027       37.871997200 -122.265962800 27.087000000
1567281275294904188       37.872050700 -122.265967900 27.324000000
1567281276294904349       37.872103100 -122.265972300 27.238000000
1567281277294904508       37.872156300 -122.265980900 27.889000000
1567281278294904668       37.872211000 -122.265989400 28.163000000
1567281279294904830       37.872265000 -122.265994900 28.084000000
1567281280294904989       37.872313300 -122.265996700 28.656000000
1567281281294905150       37.872356100 -122.265992100 28.924000000
1567281282294905310       37.872398400 -122.265977800 28.990000000
1567281283294905471       37.872439100 -122.265948400 29.265000000
1567281284294905632       37.872468300 -122.265899600 29.439000000
1567281286294905955       37.872471600 -122.265766900 30.026000000
1567281287294906116       37.872452900 -122.265692000 30.622000000
1567281288294906278       37.872422600 -122.265613200 31.044000000
1567281289294906439       37.872382000 -122.265534800 31.631000000
1567281290294906600       37.872332200 -122.265460400 32.047000000
1567281291294906762       37.872279800 -122.265394900 32.497000000
1567281292294906924       37.872233700 -122.265342900 32.651000000
1567281293294907086       37.872198200 -122.265307800 32.867000000
1567281294294907248       37.872171600 -122.265282600 32.835000000
1567281295294907409       37.872146500 -122.265259700 32.855000000
1567281296294907570       37.872120300 -122.265238100 33.308000000
1567281297294907732       37.872097200 -122.265220900 33.307000000
1567281298294907893       37.872080100 -122.265210000 33.489000000
1567281299294908054       37.872067900 -122.265200200 33.308000000
1567281300294908216       37.872056000 -122.265191300 33.092000000
1567281301294908378       37.872045200 -122.265182600 32.860000000
1567281302294908541       37.872034400 -122.265174300 32.376000000
1567281303294908702       37.872021700 -122.265166500 32.294000000
1567281304294908863       37.872005700 -122.265158800 32.512000000
1567281305294909025       37.871991900 -122.265150800 32.199000000
1567281306294909185       37.871983300 -122.265145300 32.351000000
1567281307294909347       37.871976400 -122.265140300 32.259000000
1567281308294909509       37.871970300 -122.265134400 31.877000000
1567281309294909671       37.871964100 -122.265126900 31.728000000
1567281310294909833       37.871955800 -122.265116800 31.716000000
1567281311294909994       37.871944000 -122.265100200 31.639000000
1567281312294910155       37.871927500 -122.265076100 31.778000000
1567281313294910317       37.871903100 -122.265050800 31.807000000
1567281314294910478       37.871868800 -122.265032600 31.752000000
1567281315294910638       37.871831500 -122.265020700 32.278000000
1567281316294910798       37.871798900 -122.265007600 32.625000000
1567281317294910957       37.871773600 -122.264985300 33.521000000
1567281318294911118       37.871757500 -122.264949400 33.561000000
1567281319294911279       37.871756700 -122.264902700 33.842000000
1567281320294911441       37.871771100 -122.264849600 33.883000000
1567281321294911601       37.871795100 -122.264791800 34.102000000
1567281322294911762       37.871822500 -122.264727200 34.335000000
1567281323294911922       37.871848100 -122.264656200 34.843000000
1567281324294912083       37.871868300 -122.264579800 35.273000000
1567281325294912242       37.871883600 -122.264503300 36.033000000
1567281326294912404       37.871896500 -122.264427200 36.200000000
1567281327294912566       37.871913200 -122.264352600 36.221000000
1567281328294912729       37.871930700 -122.264278200 35.697000000
1567281329294912889       37.871946700 -122.264207000 36.060000000
1567281330294913050       37.871960400 -122.264142700 36.275000000
1567281331294913213       37.871973600 -122.264086200 35.797000000
1567281332294913374       37.871983200 -122.264043200 35.653000000
1567281333294913535       37.871988600 -122.264014300 35.520000000
1567281334294913696       37.871989800 -122.264002300 35.605000000
1567281335294913857       37.871989700 -122.264001000 35.613000000
1567281336294914018       37.871989800 -122.264001100 35.568000000
1567281337294914179       37.871990200 -122.264001300 35.389000000
