stamp 1574451660 200244000
estimate
   0.0934984     0.995149   -0.0306025      15.9763
   -0.995617    0.0935251 -0.000558899     -33.8637
   0.0023059    0.0305206     0.999531      2.04122
           0            0            0            1
odom
  0.105214   0.992024 -0.0694174    14.2847
 -0.992603   0.109015  0.0534331   -33.9082
 0.0605745   0.063282   0.996156    2.02221
         0          0          0          1
accum_distance 41.3071
floor_coeffs -0.00426919   0.0367776    0.999314     2.03736
id 5
