stamp 1574453288 618129000
estimate
    0.318251     -0.94801 -0.000640757      32.2923
     0.94801     0.318251 -0.000390029      74.6817
 0.000573273 -0.000482938            1       2.1057
           0            0            0            1
odom
  0.337546  -0.938218 -0.0762234    34.5867
  0.937233   0.342508 -0.0654371    74.6457
 0.0875014 -0.0493511   0.994941    5.82279
         0          0          0          1
accum_distance 791.467
floor_coeffs -0.00241364 -0.00557459    0.999982     2.13626
id 78
