stamp 1574451287 86823000
estimate
   0.922512    0.385946 -0.00404419     339.855
  -0.385964    0.922498 -0.00538484     59.1143
  0.0016525   0.0065285    0.999977     1.96057
          0           0           0           1
odom
   0.897504    0.396555   -0.192953     338.659
  -0.387786    0.918011   0.0829341     58.4606
    0.21002 0.000390671    0.977697     21.3413
          0           0           0           1
accum_distance 348.399
floor_coeffs 0.0046374 0.0215192  0.999758   1.90998
id 35
