stamp 1574452191 616440000
estimate
    0.134286     0.990911  -0.00793631      41.2457
   -0.990943      0.13428  -0.00124188     -138.988
-0.000164899   0.00803119     0.999968       1.9882
           0            0            0            1
odom
  0.137204   0.989431 -0.0469164    39.2668
 -0.985189   0.141227  0.0972519   -139.433
   0.10285  0.0328781   0.994153    8.60042
         0          0          0          1
accum_distance 155.179
floor_coeffs -0.00224038   0.0112418    0.999934     1.97644
id 17
