stamp 1574453002 408325000
estimate
   0.577498   -0.816393 0.000334411     233.385
   0.816389    0.577494 -0.00332411     122.336
 0.00252051  0.00219283    0.999994     2.03591
          0           0           0           1
odom
   0.606894   -0.788872   0.0967501     233.494
   0.794748    0.603497  -0.0645574     118.519
-0.00746085    0.116071    0.993213    -28.6135
          0           0           0           1
accum_distance 1360.18
floor_coeffs 0.00192719   0.013162   0.999912    1.99671
id 141
