stamp 1574452360 221223000
estimate
   0.999388  -0.0333494   0.0107823      58.083
  0.0336675    0.998961  -0.0307992     -194.92
-0.00974413   0.0311434    0.999468     1.98999
          0           0           0           1
odom
   0.999818  0.00301675  -0.0188605     63.9979
-0.00048375    0.991131    0.132888    -202.058
  0.0190941   -0.132855    0.990952    -7.75698
          0           0           0           1
accum_distance 818.366
floor_coeffs -0.0135846  0.0272582   0.999536    2.00186
id 81
