stamp 1574452255 263990000
estimate
   -0.999081    0.0428232  -0.00165183      57.3571
  -0.0428541    -0.998575    0.0317929     -402.422
-0.000288007    0.0318345     0.999493      2.05923
           0            0            0            1
odom
 -0.996382  0.0253123 -0.0811336    55.4776
 -0.047505  -0.957441   0.284692   -398.093
-0.0704744   0.287516   0.955179    55.7754
         0          0          0          1
accum_distance 434.46
floor_coeffs 0.0169819 0.0383479   0.99912   2.14269
id 44
