stamp 1574451492 411452000
estimate
  -0.113114    -0.99099   0.0717775     282.129
   0.993569   -0.112393   0.0140142      26.207
-0.00582037   0.0729011    0.997322     1.98938
          0           0           0           1
odom
 -0.145739  -0.988351 -0.0438351    287.514
  0.981664  -0.149972   0.117664    22.5361
 -0.122867 -0.0258831   0.992086    -5.2377
         0          0          0          1
accum_distance 1284.21
floor_coeffs -0.00619363   0.0802917    0.996752     2.01621
id 126
