stamp 1574451272 602891000
estimate
    0.99998  0.00598425 -0.00209123     257.856
-0.00595943    0.999914   0.0116822     52.8566
 0.00216096  -0.0116695     0.99993     2.02797
          0           0           0           1
odom
   0.991824   0.0218577   -0.125724     257.733
-0.00932328       0.995   0.0994351     52.4934
   0.127269    -0.09745    0.987069     8.03185
          0           0           0           1
accum_distance 265.872
floor_coeffs -0.00756606  0.00747693    0.999943      2.0069
id 27
