stamp 1574451961 98141000
estimate
  -0.999832  -0.0178437 -0.00473383     197.086
  0.0177754   -0.999746   0.0140797     23.2667
-0.00498359   0.0139933     0.99989     1.97261
          0           0           0           1
odom
 -0.965587  0.0259432  -0.258784    198.848
-0.0265016  -0.999648 -0.0013308    22.5719
 -0.258727  0.0055732   0.965934    19.7795
         0          0          0          1
accum_distance 1130.28
floor_coeffs -0.000274996    0.0192341     0.999815      1.97789
id 112
