stamp 1574451944 268249000
estimate
   0.337424    0.941204  -0.0168609     216.201
  -0.941343    0.337457 -0.00094561     100.398
 0.00479972   0.0161908    0.999858     1.94514
          0           0           0           1
odom
  0.357167   0.906807  -0.223905    214.534
 -0.932682   0.359174 -0.0331469    100.617
 0.0503632   0.220671   0.974047    25.0296
         0          0          0          1
accum_distance 1037.16
floor_coeffs   0.0348046 -0.00754952    0.999366     2.00201
id 103
