stamp 1574452472 114360000
estimate
  -0.999362   0.0355439 -0.00421543     137.098
  -0.035675    -0.99869   0.0367589    -399.572
-0.00290321   0.0368853    0.999316      1.9958
          0           0           0           1
odom
  -0.99514 -0.0382948  -0.090717    131.805
0.00825574  -0.950482   0.310668   -403.916
-0.0981219    0.30841   0.946179    37.8723
         0          0          0          1
accum_distance 1148.82
floor_coeffs -0.00954903   0.0334924    0.999393     2.01339
id 113
