stamp 1574453136 639288000
estimate
   0.999858   0.0167412  0.00174665     206.084
 -0.0166752    0.999327  -0.0326794     207.986
-0.00229257   0.0326456    0.999464     2.01621
          0           0           0           1
odom
   0.983149 0.000536428   -0.182804     204.005
 -0.0196371    0.994519   -0.102693     206.799
   0.181747    0.104553    0.977771     30.0596
          0           0           0           1
accum_distance 371.409
floor_coeffs -0.0120402  0.0271405   0.999559    2.01733
id 37
