stamp 1574452721 706461000
estimate
   0.999861  -0.0161377  0.00412054     161.576
    0.01625    0.999452  -0.0288486     219.868
-0.00365273   0.0289115    0.999575     2.03179
          0           0           0           1
odom
   0.999366 -0.00742557   0.0348244     160.313
  0.0126911    0.988064   -0.153518     219.874
 -0.0332688    0.153862    0.987532     27.7205
          0           0           0           1
accum_distance 380.113
floor_coeffs -0.00675162   0.0162343    0.999845     2.02487
id 38
