stamp 1574451250 775071000
estimate
    0.85125   -0.524158   0.0251413     148.094
   0.524373    0.851485 -0.00236966     29.9705
 -0.0201653   0.0152006    0.999681     2.09397
          0           0           0           1
odom
   0.857632   -0.514251 -0.00359697     148.001
    0.51388    0.856701   0.0446041     30.4636
 -0.0198562  -0.0401023    0.998998    0.794572
          0           0           0           1
accum_distance 152.586
floor_coeffs -0.0237773  0.0186145   0.999544    2.07894
id 16
