stamp 1574452963 444605000
estimate
  0.0607591    0.998152 -0.00136767     133.935
  -0.998138   0.0607508 -0.00546551     137.819
-0.00537232   0.0016972    0.999984     1.99537
          0           0           0           1
odom
 0.0522423   0.993018   0.105761    134.535
 -0.997027  0.0578722 -0.0508805    136.253
-0.0566459  -0.102789   0.993089   -17.3823
         0          0          0          1
accum_distance 1237.75
floor_coeffs -0.00709097   0.0175886     0.99982     1.99492
id 129
