stamp 1574451373 786212000
estimate
 -0.00713267     -0.99897    0.0448709      154.274
    0.999977  -0.00714806 -0.000182589      13.9347
 0.000503367    0.0448687     0.998993      1.99663
           0            0            0            1
odom
 0.0202223  -0.999679   -0.01526    155.807
  0.985131  0.0173187   0.170933    11.5857
 -0.170614 -0.0184898   0.985164   -3.70762
         0          0          0          1
accum_distance 697.869
floor_coeffs -0.00114054   0.0285945     0.99959     1.99473
id 69
