stamp 1574452973 848510000
estimate
   0.180107    0.983586  -0.0110541     135.816
  -0.983628     0.18002  -0.0084163     117.512
-0.00628818   0.0123888    0.999903     2.04731
          0           0           0           1
odom
   0.16832   0.980179   0.104489    136.255
 -0.983589   0.173994 -0.0477398    115.834
 -0.064974 -0.0947385    0.99338   -18.3137
         0          0          0          1
accum_distance 1258.26
floor_coeffs -0.00574327   0.0245582    0.999682     2.05158
id 131
