stamp 1574453275 52198000
estimate
   -0.119317    -0.992782   -0.0124618      29.9059
    0.992859    -0.119322 -0.000340154      34.0744
 -0.00114946   -0.0124129     0.999922      1.94776
           0            0            0            1
odom
  -0.10062  -0.992106 -0.0748368    31.4323
  0.993527 -0.0962083 -0.0603905    34.1788
 0.0527139 -0.0804289   0.995365    2.94017
         0          0          0          1
accum_distance 750.663
floor_coeffs 0.000294081  -0.0120389    0.999927     1.91426
id 74
