stamp 1574452938 964814000
estimate
    0.988454     0.151524 -0.000677825      102.362
   -0.151477     0.988017   -0.0296427      223.088
 -0.00382205     0.029403      0.99956      1.91218
           0            0            0            1
odom
 0.978559  0.163142  0.125724   103.637
-0.150143  0.982881 -0.106784   221.367
-0.140992 0.0856179  0.986302  -9.10001
        0         0         0         1
accum_distance 1135.49
floor_coeffs -0.00826152   0.0118307    0.999896     1.93166
id 119
