stamp 1574451295 960739000
estimate
  0.00727818       0.9993   -0.0367075      348.162
   -0.999974   0.00727402 -0.000246774      9.60794
 2.04095e-05    0.0367083     0.999326      1.95199
           0            0            0            1
odom
-0.00277789    0.973336   -0.229368      346.28
  -0.995073   0.0200419   0.0971002     9.10329
  0.0991081    0.228508    0.968484     27.2117
          0           0           0           1
accum_distance 399.759
floor_coeffs -0.00827042   0.0335553    0.999403     1.97047
id 40
