stamp 1574452575 847579000
estimate
   0.999708    0.014636   0.0192075     22.5628
 -0.0145277    0.999878 -0.00576667     1.71963
 -0.0192895  0.00548594    0.999799     2.01491
          0           0           0           1
odom
    0.999919  -0.00871452  -0.00928535      20.5021
   0.0087163     0.999962  0.000150982     0.868941
  0.00928368 -0.000231904     0.999957      0.46907
           0            0            0            1
accum_distance 20.526
floor_coeffs -0.0205101  0.0403362   0.998976     1.9895
id 2
