stamp 1574453056 263905000
estimate
  0.0928133   -0.995665 -0.00607145     30.2866
   0.995676   0.0927866  0.00453902     62.0896
-0.00395599 -0.00646647    0.999971     2.01384
          0           0           0           1
odom
  0.0937478   -0.993531  -0.0640872     28.2938
   0.995595   0.0934459  0.00769816     63.3873
-0.00165968  -0.0645265    0.997915    0.218446
          0           0           0           1
accum_distance 82.9683
floor_coeffs -0.00588425 -0.00519319    0.999969     2.02949
id 9
