stamp 1574452112 363025000
estimate
   0.130168    0.990649   0.0408777     26.4637
  -0.991427    0.130522 -0.00610235    -35.6111
 -0.0113807  -0.0397329    0.999146     2.09476
          0           0           0           1
odom
   0.134373    0.990927  0.00280614     24.1281
  -0.990346    0.134196   0.0347188     -36.353
  0.0340272 -0.00744431    0.999393     1.61033
          0           0           0           1
accum_distance 50.738
floor_coeffs -0.00512883  0.00318684    0.999982     2.11185
id 6
