stamp 1574451732 619744000
estimate
    0.993908     0.109862  -0.00883274      210.217
   -0.109867     0.993946 -6.92509e-05      21.4818
  0.00877167   0.00103926     0.999961      2.08531
           0            0            0            1
odom
  0.990745   0.116447 -0.0697496    210.678
 -0.112645   0.992046  0.0561791    21.5979
 0.0757367 -0.0478022   0.995981    15.8922
         0          0          0          1
accum_distance 379.888
floor_coeffs 0.00393616 -0.0016545   0.999991    2.11971
id 39
