stamp 1574451351 652357000
estimate
   -0.995862    0.0908744 -0.000748731      190.902
  -0.0907825    -0.994411    0.0539003     -55.8031
  0.00415362    0.0537453     0.998546      1.87208
           0            0            0            1
odom
 -0.993351  0.0621096 -0.0969363    190.179
-0.0832068  -0.969236   0.231643   -57.3404
-0.0795668   0.238169   0.967959    12.2601
         0          0          0          1
accum_distance 595.216
floor_coeffs -0.00667455   0.0482737    0.998812     1.87644
id 59
