stamp 1574451674 174168000
estimate
   0.999964  0.00316558  0.00785425     52.6211
-0.00306114    0.999907  -0.0132738    -89.5989
-0.00789555   0.0132493    0.999881     2.08712
          0           0           0           1
odom
   0.995456 -0.00411201  -0.0951292     51.4244
 0.00782735     0.99922   0.0387155    -88.9748
  0.0948957  -0.0392842    0.994712     8.97287
          0           0           0           1
accum_distance 124.305
floor_coeffs -0.00217993   0.0465476    0.998914     2.03018
id 14
