stamp 1574452676 724808000
estimate
   0.0172402    -0.999427    0.0291255      139.702
    0.999851    0.0172526  0.000173643       91.858
-0.000676034    0.0291182     0.999576      2.00291
           0            0            0            1
odom
  0.0165257   -0.999859 -0.00296093     136.997
   0.996494   0.0167129  -0.0819799     92.9889
  0.0820178 -0.00159578     0.99663     14.0728
          0           0           0           1
accum_distance 226.482
floor_coeffs -3.87152e-05    0.0252357     0.999682      2.01313
id 23
