stamp 1574452789 127944000
estimate
  -0.999934 -0.00860703 -0.00775313     199.548
 0.00835832   -0.999468   0.0315597     8.99348
-0.00802044   0.0314928    0.999472     2.06679
          0           0           0           1
odom
  -0.995873  0.00326515  -0.0907051      201.04
-0.00469664   -0.999868   0.0155728     9.56312
 -0.0906422   0.0159346    0.995756     6.28292
          0           0           0           1
accum_distance 689.425
floor_coeffs -0.00379882   0.0168597    0.999851     2.06398
id 68
