stamp 1574452274 643832000
estimate
  -0.259785   -0.965048   0.0345622    -28.1592
   0.965624   -0.259271   0.0186951    -393.423
-0.00908069   0.0382308    0.999228     2.01806
          0           0           0           1
odom
    -0.2274   -0.973775 -0.00711904    -29.5659
   0.909069   -0.214899    0.356949    -388.812
  -0.349118   0.0746984    0.934097     47.7912
          0           0           0           1
accum_distance 526.705
floor_coeffs 0.00367224  0.0357796   0.999353    2.03023
id 53
