stamp 1574453163 873081000
estimate
  -0.0747977     0.996714   -0.0310989      222.633
   -0.997199   -0.0747776   0.00181094      159.954
-0.000520432    0.0311472     0.999515      1.99621
           0            0            0            1
odom
-0.0571561   0.974896    -0.2152    221.098
 -0.995606 -0.0716726 -0.0602619    158.877
 -0.074173    0.21081   0.974709    29.7671
         0          0          0          1
accum_distance 432.455
floor_coeffs -0.0180743  0.0227502   0.999578     2.0192
id 43
