stamp 1574453006 590289000
estimate
 -0.0588619   -0.998255  0.00483515     235.347
   0.998263  -0.0588478  0.00300711     143.059
-0.00271733  0.00500397    0.999984     2.07148
          0           0           0           1
odom
-0.0119036  -0.995604  0.0929015     236.36
  0.997857 -0.0178062 -0.0629679     139.03
 0.0643453  0.0919528   0.993682   -27.5718
         0          0          0          1
accum_distance 1381.13
floor_coeffs -0.00435184   0.0362876    0.999332     2.05643
id 143
