stamp 1574451968 544101000
estimate
  -0.999923   0.0125163 -0.00190129     176.205
 -0.0125286   -0.999903  0.00656512     22.6795
-0.00181867  0.00658857    0.999977      1.9776
          0           0           0           1
odom
  -0.967237   0.0517317   -0.248551     178.535
 -0.0522352   -0.998624 -0.00457355     21.0178
  -0.248445  0.00855939    0.968608     14.5055
          0           0           0           1
accum_distance 1151.33
floor_coeffs 0.000519295   0.0154114    0.999881     1.98556
id 116
