stamp 1574452665 606891000
estimate
  -0.0333719    -0.999443 -0.000312345      145.778
    0.999377   -0.0333733    0.0114845      30.3228
  -0.0114885  7.11131e-05     0.999934      2.05934
           0            0            0            1
odom
-0.0443903  -0.996391 -0.0723499     143.46
  0.998368 -0.0416399 -0.0390914    31.6071
 0.0359377  -0.073967   0.996613    10.3824
         0          0          0          1
accum_distance 164.629
floor_coeffs -0.00698773    0.024251    0.999681     2.04569
id 17
