stamp 1574452988 128400000
estimate
    0.933191    -0.359385 -0.000147291       204.82
    0.359379     0.933174   0.00598749      115.481
 -0.00201456  -0.00564034     0.999982       2.0763
           0            0            0            1
odom
  0.938677  -0.329156   0.102676    204.835
  0.335038   0.941077 -0.0460748    112.572
-0.0814607  0.0776498   0.993647   -26.2322
         0          0          0          1
accum_distance 1329.75
floor_coeffs -0.00470115  -0.0116418    0.999921     2.07828
id 138
