stamp 1574453311 363920000
estimate
    0.999819    0.0192147 -0.000510737      137.938
  -0.0191946     0.999472    0.0263483      105.625
  0.00101622   -0.0263338     0.999653      1.96245
           0            0            0            1
odom
  0.991188  0.0406357  -0.126072    140.197
-0.0426248   0.999005 -0.0131192    102.644
  0.125414  0.0183774   0.991934    19.1632
         0          0          0          1
accum_distance 914.817
floor_coeffs -8.73778e-05  -0.00242049     0.999997      1.95562
id 90
