stamp 1574452201 102369000
estimate
    0.172895     0.984802   -0.0165087      46.1153
   -0.984941     0.172868  -0.00307827     -190.398
-0.000177667    0.0167922     0.999859      2.07535
           0            0            0            1
odom
  0.175922   0.982532 -0.0606895    44.2875
 -0.975677   0.182222   0.121862   -190.454
  0.130792  0.0377751    0.99069    14.7626
         0          0          0          1
accum_distance 206.969
floor_coeffs -0.00249461   0.0196843    0.999803     2.07123
id 22
