stamp 1574453042 187987000
estimate
   0.999932 -0.00977238  0.00633583     11.9268
 0.00984545    0.999884  -0.0116052   -0.781021
-0.00622169   0.0116668    0.999913     1.93694
          0           0           0           1
odom
   0.999569  -0.0216924  -0.0197758     10.1661
  0.0218075    0.999746  0.00562406    0.456357
  0.0196487 -0.00605289    0.999789     0.13312
          0           0           0           1
accum_distance 10.1772
floor_coeffs -0.00325503   0.0216458     0.99976     1.93379
id 1
