stamp 1574452835 843594000
estimate
  -0.0429248    -0.999024    0.0104926      35.1702
    0.999079   -0.0429184  0.000834988      95.5194
-0.000383892     0.010519     0.999944      2.00402
           0            0            0            1
odom
 -0.0448154   -0.997674   0.0513704     36.6976
   0.998988   -0.044948 -0.00142997      93.976
 0.00373564   0.0512543    0.998679    -4.29058
          0           0           0           1
accum_distance 929.747
floor_coeffs -0.00441756   0.0129091    0.999907     2.01495
id 92
