stamp 1574453008 120245000
estimate
 -0.0694277    -0.99758  0.00403934     234.354
   0.997581  -0.0694109  0.00414671     153.297
-0.00385631  0.00431767    0.999983     2.02835
          0           0           0           1
odom
-0.0185408  -0.996142  0.0857695    235.885
  0.997546 -0.0242234 -0.0656958    149.254
   0.06752   0.084341   0.994147   -26.9177
         0          0          0          1
accum_distance 1391.39
floor_coeffs -0.00634689   0.0297211    0.999538     2.02832
id 144
