stamp 1574452756 284218000
estimate
   0.0574865     0.997711   -0.0356222      237.611
   -0.998347    0.0574273  -0.00268429      94.2084
-0.000632468    0.0357175     0.999362      2.03195
           0            0            0            1
odom
 0.0662601   0.989563  -0.127961    238.137
 -0.995613  0.0570782 -0.0741389      95.14
-0.0660614   0.132312   0.989004     14.451
         0          0          0          1
accum_distance 566.507
floor_coeffs -0.00556326   0.0221511    0.999739     2.02232
id 56
