stamp 1574451946 308259000
estimate
   0.0347982       0.9974   -0.0631424      217.478
   -0.999396    0.0346982  -0.00267892      90.3032
-0.000480996    0.0631971     0.998001      2.04568
           0            0            0            1
odom
  0.065045   0.959026  -0.275751    216.069
 -0.997801  0.0589751  -0.030257    90.5559
-0.0127547   0.277113   0.960753    25.2125
         0          0          0          1
accum_distance 1047.34
floor_coeffs 0.00128196  0.0596172   0.998221    2.03962
id 104
