stamp 1574451408 873996000
estimate
     0.99917   -0.0407957 -6.85477e-06      288.564
   0.0407771     0.998721   -0.0299733      145.862
   0.0012293    0.0299482     0.999551      2.09636
           0            0            0            1
odom
  0.995054 -0.0526215 -0.0842509    291.593
 0.0570952   0.997034  0.0516007    143.407
 0.0812857 -0.0561558   0.995108   -11.7423
         0          0          0          1
accum_distance 945.66
floor_coeffs -0.0078598  0.0150934   0.999855    2.10197
id 93
