stamp 1574451937 230298000
estimate
   0.999666   -0.025253   0.0058359     188.882
  0.0255219    0.998332  -0.0518316     107.868
-0.00451735   0.0519631    0.998639      1.9147
          0           0           0           1
odom
  0.980126 -0.0587045   -0.18949    187.569
 0.0440831   0.995781 -0.0804784    107.497
  0.193415  0.0705257   0.978579    19.6601
         0          0          0          1
accum_distance 1006.75
floor_coeffs -0.00890184   0.0318843    0.999452     1.90498
id 100
