stamp 1574452016 687775000
estimate
   -0.997217   -0.0746074 -0.000494985     -80.4048
   0.0745704    -0.996466   -0.0387647     -3.02231
  0.00239932   -0.0386932     0.999248      2.03678
           0            0            0            1
odom
 -0.986407 -0.0402237   -0.15932   -70.8963
 0.0499311  -0.997102 -0.0574019   -12.0677
 -0.156549 -0.0645766   0.985557   -41.4153
         0          0          0          1
accum_distance 1411.11
floor_coeffs  -0.012546 -0.0116113   0.999854    2.03121
id 142
