stamp 1574451972 930064000
estimate
  -0.978246    0.207449  0.00253148     156.056
  -0.207464   -0.978189  -0.0105467      19.455
0.000288644  -0.0108423    0.999941     2.01019
          0           0           0           1
odom
 -0.940329   0.243446  -0.237732    159.105
 -0.245645  -0.969137 -0.0207991    16.9805
 -0.235458  0.0388398   0.971108    9.66146
         0          0          0          1
accum_distance 1171.83
floor_coeffs -0.000310548  -0.00426409     0.999991      2.02735
id 118
