stamp 1574451349 612407000
estimate
  -0.999698   0.0243136 -0.00344681     201.202
 -0.0244556   -0.998451   0.0499787    -54.8502
-0.00222631   0.0500479    0.998744     2.01781
          0           0           0           1
odom
  -0.994532 -0.00252284   -0.104403     200.429
 -0.0211208   -0.974191    0.224736    -56.4326
  -0.102275    0.225712    0.968811     13.2669
          0           0           0           1
accum_distance 584.876
floor_coeffs -0.00678087   0.0304833    0.999512     1.99927
id 58
