stamp 1574452351 347253000
estimate
    0.995775   -0.0917942   0.00321078     -14.6015
   0.0918467     0.995439   -0.0258811     -201.947
-0.000820556    0.0260667      0.99966       1.9381
           0            0            0            1
odom
   0.99855 -0.0529048  0.0099426   -8.89681
 0.0499712   0.979683   0.194229   -206.499
-0.0200162   -0.19345   0.980906   -8.28321
         0          0          0          1
accum_distance 745.316
floor_coeffs -0.00610901   0.0108605    0.999922     1.93192
id 74
