stamp 1574452837 67572000
estimate
  -0.0564893    -0.998229    0.0187038      34.3199
    0.998404   -0.0564751   0.00128469      105.516
-0.000226164    0.0187467     0.999824      1.99868
           0            0            0            1
odom
  -0.057555   -0.996089   0.0670404     35.8368
   0.998272  -0.0582187 -0.00798642     103.969
  0.0118582   0.0664648    0.997718    -4.17286
          0           0           0           1
accum_distance 939.777
floor_coeffs -0.00273497   0.0300093    0.999546     2.00589
id 93
