stamp 1574452834 517619000
estimate
 -0.0232883   -0.999716  0.00524192     35.9061
   0.999716  -0.0232602  0.00535503     84.8733
-0.00523162  0.00536535    0.999972     1.99585
          0           0           0           1
odom
 -0.0260259   -0.998906   0.0388542      37.454
    0.99964  -0.0257533   0.0075016     83.3338
-0.00649277   0.0390355    0.999217      -4.315
          0           0           0           1
accum_distance 919.077
floor_coeffs -0.00847354   0.0170506    0.999819     1.97124
id 91
