stamp 1574452965 484592000
estimate
  0.0372313     0.99929  0.00575773     134.816
  -0.999286   0.0372672 -0.00625566     127.443
 -0.0064658 -0.00552071    0.999964     2.02722
          0           0           0           1
odom
 0.0285197   0.992744   0.116813    135.333
 -0.998246   0.034352 -0.0482234    125.881
-0.0518863  -0.115233   0.991983   -17.8671
         0          0          0          1
accum_distance 1248.16
floor_coeffs -0.00779476  0.00195336    0.999968     2.02953
id 130
