stamp 1574452646 23044000
estimate
   0.999726   0.0222532  0.00722514     115.062
 -0.0218634    0.998502  -0.0501601     3.00932
-0.00833054   0.0499884    0.998715     2.08548
          0           0           0           1
odom
   0.996661  0.00253315  -0.0816099     113.236
-0.00895328    0.996882   -0.078399     3.99715
  0.0811568    0.078868    0.993576     6.39322
          0           0           0           1
accum_distance 113.627
floor_coeffs -0.00747486   0.0626399    0.998008     2.08355
id 12
