stamp 1574452842 371525000
estimate
  -0.0585816    -0.997642    0.0357847      30.9074
    0.998279   -0.0586499 -0.000860664      146.778
  0.00295735    0.0356728     0.999359      1.96172
           0            0            0            1
odom
-0.0557326  -0.991781   0.115169    32.4813
  0.997404 -0.0605719 -0.0389524    145.199
 0.0456083   0.112699   0.992582   -2.77495
         0          0          0          1
accum_distance 981.172
floor_coeffs -0.00476371   0.0240908    0.999698     1.94469
id 97
