stamp 1574453131 539331000
estimate
    0.994276     0.106842 -9.58757e-06      175.629
   -0.106818     0.994055   -0.0211037      209.956
 -0.00224524    0.0209839     0.999777      2.02575
           0            0            0            1
odom
  0.978516  0.0975589  -0.181628    174.044
 -0.114798   0.989578 -0.0869351    208.916
  0.171253   0.105918   0.979517    24.5654
         0          0          0          1
accum_distance 340.819
floor_coeffs -0.000239426     0.029284     0.999571      2.01137
id 34
