stamp 1574453061 567863000
estimate
   0.207524   -0.978178   0.0100894     36.8454
   0.978204    0.207582   0.0051868     103.884
-0.00716798   0.0087931    0.999936     1.96277
          0           0           0           1
odom
    0.21712   -0.974056  -0.0638251     35.1106
   0.976009    0.217716 -0.00245277     105.083
  0.0162849  -0.0617613    0.997958    0.718001
          0           0           0           1
accum_distance 125.248
floor_coeffs  -0.012841 0.00189224   0.999916    1.95306
id 13
