stamp 1574453048 613979000
estimate
   0.395724   -0.918361  0.00397086     28.3264
   0.918369    0.395716 -0.00263534     9.78838
0.000848858  0.00468958    0.999989     2.01713
          0           0           0           1
odom
    0.384722    -0.922542   -0.0300794      26.4333
    0.923033     0.384503    0.0129687       11.223
-0.000398572   -0.0327536     0.999463     0.472902
           0            0            0            1
accum_distance 30.7496
floor_coeffs 0.00650539 0.00451435   0.999969     1.9553
id 4
