stamp 1574452606 243345000
estimate
   0.995573   0.0939908 0.000194122     32.6593
 -0.0939808    0.995493  -0.0126691     1.67558
-0.00138402   0.0125947     0.99992     2.07879
          0           0           0           1
odom
   0.997006   0.0703783  -0.0320166     30.5923
 -0.0706909     0.99746 -0.00874051     1.06077
  0.0313201   0.0109776    0.999449    0.774334
          0           0           0           1
accum_distance 30.6226
floor_coeffs 0.00177026  0.0298149   0.999554    2.09032
id 4
