stamp 1574451722 215846000
estimate
   0.999979 -0.00111547  0.00644694     148.819
 0.00133273    0.999428  -0.0337938     18.6999
-0.00640555   0.0338017    0.999408     2.04339
          0           0           0           1
odom
   0.998874  0.00977643  -0.0464304     149.402
-0.00939375     0.99992  0.00845319     19.1994
  0.0465093 -0.00800752    0.998886     12.4278
          0           0           0           1
accum_distance 318.462
floor_coeffs -0.00581239   0.0309322    0.999505      2.0475
id 33
