stamp 1574453054 835892000
estimate
   0.0728843    -0.997338   -0.0021298       29.811
     0.99734    0.0728851 -0.000340418      51.4623
 0.000494742  -0.00209932     0.999998      2.00515
           0            0            0            1
odom
   0.0721929     -0.99587   -0.0550649      27.8133
    0.997391    0.0720412   0.00473917      52.8109
-0.000752652   -0.0552633     0.998472     0.198211
           0            0            0            1
accum_distance 72.381
floor_coeffs 0.000304604   0.0030183    0.999995     2.01524
id 8
