stamp 1574453186 6888000
estimate
  -0.571615    0.820256  -0.0208877     176.908
   -0.82051   -0.571558  0.00916545     37.1005
-0.00442053   0.0223777     0.99974     2.06199
          0           0           0           1
odom
  -0.560847    0.808674   -0.177476      177.02
  -0.820997   -0.570891 -0.00682412     36.1549
  -0.106838     0.14188    0.984101     17.3853
          0           0           0           1
accum_distance 566.54
floor_coeffs -0.00745975  0.00595093    0.999955     2.10817
id 56
