stamp 1574452368 585133000
estimate
   0.998282  -0.0586296 0.000970524     98.6506
  0.0585824    0.996486  -0.0598981    -192.534
 0.00254452    0.059852    0.998204     1.99961
          0           0           0           1
odom
  0.998652 -0.0232525 -0.0464128    104.602
 0.0275422   0.995188  0.0940361   -200.989
 0.0440029 -0.0951876   0.994486   -6.46068
         0          0          0          1
accum_distance 859.008
floor_coeffs -0.000283214    0.0426622     0.999089      2.01906
id 85
