stamp 1574452960 78619000
estimate
    0.011012      0.99994  0.000523106      132.298
   -0.999916    0.0110153  -0.00698188      158.649
  -0.0069872 -0.000446365     0.999975      2.04716
           0            0            0            1
odom
0.00299678   0.994887   0.100947    133.073
 -0.998085  0.0092133  -0.061172    157.038
-0.0617893  -0.100571   0.993009   -16.2028
         0          0          0          1
accum_distance 1216.87
floor_coeffs -0.00368274  0.00453846    0.999983     2.04881
id 127
