stamp 1574451961 200159000
estimate
  -0.999852  -0.0166915 -0.00484217     196.552
  0.0166285   -0.999783   0.0127668     23.2888
-0.00505393   0.0126845    0.999907     1.94445
          0           0           0           1
odom
 -0.965722  0.0262762  -0.258246    198.294
-0.0268848  -0.999638 -0.0011751    22.5424
 -0.258183 0.00580806   0.966079    19.6281
         0          0          0          1
accum_distance 1130.86
floor_coeffs -0.00041244   0.0150997    0.999886     1.92322
id 113
