stamp 1574451971 196065000
estimate
  -0.992046    0.125747 -0.00624056     165.897
  -0.125807   -0.992003    0.010391      21.905
-0.00488369   0.0110935    0.999927     2.04194
          0           0           0           1
odom
  -0.955158    0.159772   -0.249293     168.527
  -0.164593   -0.986361 -0.00152584      19.822
  -0.246137   0.0395745    0.968427     12.0753
          0           0           0           1
accum_distance 1161.7
floor_coeffs -0.00454805   0.0258095    0.999657     2.02196
id 117
