stamp 1574453188 46874000
estimate
  -0.510501    0.859692   -0.017919     171.538
  -0.859864   -0.510504   0.0047236     28.1609
-0.00508664   0.0178193    0.999829     2.08078
          0           0           0           1
odom
  -0.501267    0.848734   -0.168468      171.73
   -0.86048   -0.509446 -0.00625816     27.2026
 -0.0911369    0.141826    0.985687     16.5562
          0           0           0           1
accum_distance 576.972
floor_coeffs -0.00694394   0.0194376    0.999787     2.08866
id 57
