stamp 1574452893 881147000
estimate
 -0.0807264   -0.996204   0.0326014     25.9587
   0.996737  -0.0806436  0.00385087      187.12
-0.00120718    0.032806    0.999461     2.05294
          0           0           0           1
odom
-0.0725504  -0.985334   0.154448    27.7708
  0.994485 -0.0832276 -0.0638189    185.461
 0.0757372   0.148966   0.985938 -0.0937085
         0          0          0          1
accum_distance 1021.81
floor_coeffs -0.00181622   0.0100992    0.999947     2.04025
id 105
