1574451209294542356       37.872736400 -122.270136700 20.176000000
1574451210294542518       37.872737000 -122.270136400 20.052000000
1574451211294542679       37.872737600 -122.270135800 19.933000000
1574451212294542840       37.872737900 -122.270135200 19.903000000
1574451213294543001       37.872738000 -122.270134800 19.772000000
1574451214294543163       37.872739000 -122.270130900 19.732000000
1574451215294543324       37.872742300 -122.270114900 19.686000000
1574451216294543485       37.872753000 -122.270085100 20.208000000
1574451217294543645       37.872769100 -122.270038600 20.666000000
1574451218294543804       37.872784500 -122.269979700 21.556000000
1574451219294543965       37.872797100 -122.269910000 21.964000000
1574451220294544126       37.872807500 -122.269832100 22.067000000
1574451221294544287       37.872817700 -122.269751100 22.234000000
1574451222294544448       37.872829100 -122.269671300 22.667000000
1574451223294544608       37.872839800 -122.269592300 23.068000000
1574451224294544769       37.872849300 -122.269513200 23.215000000
1574451225294544930       37.872858400 -122.269437600 23.563000000
1574451226294545091       37.872867700 -122.269363100 23.718000000
1574451227294545252       37.872877200 -122.269289500 23.759000000
1574451228294545413       37.872886400 -122.269218700 23.722000000
1574451229294545574       37.872894000 -122.269155700 23.652000000
1574451230294545736       37.872904200 -122.269101000 23.587000000
1574451231294545897       37.872920200 -122.269048600 23.515000000
1574451232294546057       37.872937100 -122.268994200 23.949000000
1574451233294546218       37.872949600 -122.268933500 23.944000000
1574451234294546379       37.872953700 -122.268868400 23.737000000
1574451235294546540       37.872952100 -122.268805100 23.485000000
1574451236294546701       37.872950500 -122.268749900 23.560000000
1574451237294546861       37.872952000 -122.268709400 23.759000000
1574451238294547022       37.872954000 -122.268683900 23.867000000
1574451239294547184       37.872954700 -122.268668100 23.274000000
1574451240294547345       37.872955300 -122.268664200 23.424000000
1574451241294547502       37.872954900 -122.268666000 24.923000000
1574451242294547662       37.872955500 -122.268664700 25.240000000
1574451243294547822       37.872956400 -122.268658900 25.794000000
1574451244294547982       37.872959100 -122.268646000 25.932000000
1574451245294548143       37.872963100 -122.268624900 26.208000000
1574451246294548303       37.872969800 -122.268596700 26.288000000
1574451247294548464       37.872978100 -122.268565200 26.656000000
1574451248294548625       37.872992300 -122.268529200 26.829000000
1574451249294548786       37.873010000 -122.268494800 27.004000000
1574451250294548948       37.873023300 -122.268468200 26.965000000
1574451251294549108       37.873032100 -122.268451200 27.296000000
1574451252294549268       37.873040900 -122.268433700 27.590000000
1574451253294549430       37.873053900 -122.268405000 27.548000000
1574451254294549591       37.873069400 -122.268365700 27.491000000
1574451255294549753       37.873084900 -122.268318900 27.244000000
1574451256294549914       37.873100900 -122.268268000 27.190000000
1574451257294550077       37.873112500 -122.268209600 26.493000000
1574451258294550238       37.873124200 -122.268150000 26.769000000
1574451259294550399       37.873133400 -122.268088600 27.044000000
1574451260294550560       37.873142100 -122.268022700 27.297000000
1574451261294550723       37.873156400 -122.267953500 26.761000000
1574451262294550884       37.873188400 -122.267904000 26.727000000
1574451263294551048       37.873223100 -122.267852700 26.074000000
1574451264294551209       37.873236600 -122.267788600 26.257000000
1574451265294551371       37.873244200 -122.267721400 26.203000000
1574451266294551531       37.873251000 -122.267655300 26.501000000
1574451267294551694       37.873270700 -122.267595400 25.891000000
1574451268294551855       37.873282700 -122.267534600 26.071000000
1574451269294552015       37.873287700 -122.267471500 26.644000000
1574451270294552175       37.873282600 -122.267404300 27.174000000
1574451271294552337       37.873274000 -122.267337300 27.504000000
1574451272294552497       37.873266200 -122.267270300 28.139000000
1574451273294552654       37.873260900 -122.267198300 29.674000000
1574451274294552813       37.873262600 -122.267130400 30.418000000
1574451275294552963       37.873266700 -122.267064200 34.725000000
1574451276294553122       37.873274700 -122.266996200 35.286000000
1574451277294553283       37.873282700 -122.266926400 35.489000000
1574451278294553445       37.873291100 -122.266854300 35.287000000
1574451279294553606       37.873299900 -122.266779800 35.571000000
1574451280294553767       37.873306700 -122.266705200 35.794000000
1574451281294553929       37.873313200 -122.266632800 35.861000000
1574451282294554090       37.873318300 -122.266564200 35.933000000
1574451283294554251       37.873321200 -122.266501600 36.160000000
1574451284294554411       37.873319200 -122.266445600 36.597000000
1574451285294554571       37.873317600 -122.266394900 36.930000000
1574451286294554731       37.873310400 -122.266349100 37.000000000
1574451287294554892       37.873290900 -122.266308600 36.920000000
1574451288294555054       37.873258900 -122.266277300 36.424000000
1574451289294555216       37.873215700 -122.266261900 35.911000000
1574451290294555377       37.873164500 -122.266256600 35.481000000
1574451291294555539       37.873108500 -122.266252500 35.029000000
1574451292294555698       37.873049900 -122.266246800 35.213000000
1574451293294555859       37.872987900 -122.266240500 35.014000000
1574451294294556019       37.872925400 -122.266233500 34.994000000
1574451295294556182       37.872863000 -122.266226300 34.195000000
1574451296294556343       37.872800100 -122.266223800 33.813000000
1574451297294556503       37.872738500 -122.266224700 34.093000000
1574451298294556665       37.872680900 -122.266223300 33.328000000
1574451299294556826       37.872626800 -122.266221200 32.975000000
1574451300294556989       37.872579900 -122.266219000 32.178000000
1574451301294557151       37.872539200 -122.266226700 31.700000000
1574451302294557314       37.872504500 -122.266250300 30.949000000
1574451303294557475       37.872481500 -122.266290100 30.732000000
1574451304294557636       37.872471500 -122.266341200 30.373000000
1574451305294557798       37.872466400 -122.266397900 30.069000000
1574451306294557960       37.872460200 -122.266458900 29.370000000
1574451307294558122       37.872450900 -122.266525900 29.127000000
1574451308294558283       37.872439800 -122.266598400 28.839000000
1574451309294558446       37.872429900 -122.266671000 28.550000000
1574451310294558607       37.872418300 -122.266744100 28.364000000
1574451311294558769       37.872406000 -122.266818100 28.359000000
1574451312294558930       37.872395800 -122.266892000 28.196000000
1574451313294559091       37.872385300 -122.266965500 27.952000000
1574451314294559252       37.872375300 -122.267037800 27.858000000
1574451315294559414       37.872364700 -122.267108800 27.667000000
1574451316294559575       37.872352500 -122.267176500 27.406000000
1574451317294559736       37.872340400 -122.267236400 27.324000000
1574451318294559898       37.872329400 -122.267287000 26.897000000
1574451319294560058       37.872319600 -122.267328000 27.182000000
1574451320294560219       37.872314300 -122.267363200 27.040000000
1574451321294560381       37.872311700 -122.267392400 26.633000000
1574451322294560542       37.872310300 -122.267409500 26.637000000
1574451323294560703       37.872309000 -122.267414800 26.701000000
1574451324294560864       37.872308300 -122.267414100 26.803000000
1574451325294561025       37.872306900 -122.267414100 26.875000000
1574451326294561185       37.872304900 -122.267413200 27.062000000
1574451327294561345       37.872302800 -122.267412200 27.252000000
1574451328294561506       37.872300600 -122.267411100 27.442000000
1574451329294561666       37.872298800 -122.267410800 27.509000000
1574451330294561827       37.872297100 -122.267410400 27.620000000
1574451331294561987       37.872295500 -122.267410200 27.772000000
1574451332294562147       37.872294000 -122.267409200 27.956000000
1574451333294562308       37.872292600 -122.267407900 28.100000000
1574451334294562468       37.872291500 -122.267407000 28.267000000
1574451335294562628       37.872290600 -122.267405600 28.504000000
1574451336294562788       37.872289600 -122.267404100 28.764000000
1574451337294562949       37.872289000 -122.267402400 28.989000000
1574451338294563109       37.872287700 -122.267405700 29.263000000
1574451339294563270       37.872284500 -122.267421800 29.280000000
1574451340294563431       37.872281500 -122.267450600 28.909000000
1574451341294563591       37.872277200 -122.267485200 28.916000000
1574451342294563751       37.872272800 -122.267524400 29.337000000
1574451343294563911       37.872267900 -122.267566600 29.346000000
1574451344294564072       37.872262300 -122.267607100 29.277000000
1574451345294564233       37.872257000 -122.267646800 29.266000000
1574451346294564394       37.872251100 -122.267692300 29.149000000
1574451347294564556       37.872248700 -122.267746000 28.679000000
1574451348294564717       37.872246400 -122.267804600 28.428000000
1574451349294564878       37.872243000 -122.267864800 28.476000000
1574451350294565039       37.872238800 -122.267923300 28.382000000
1574451351294565199       37.872235100 -122.267977500 28.400000000
1574451352294565360       37.872230700 -122.268023600 28.478000000
1574451353294565521       37.872225500 -122.268062200 28.774000000
1574451354294565682       37.872220700 -122.268100900 28.725000000
1574451355294565843       37.872216400 -122.268140300 28.605000000
1574451356294566005       37.872211400 -122.268178700 28.217000000
1574451357294566166       37.872207400 -122.268218600 28.206000000
1574451358294566328       37.872209000 -122.268258900 27.976000000
1574451359294566489       37.872218100 -122.268299000 27.955000000
1574451360294566649       37.872236100 -122.268335000 28.110000000
1574451361294566810       37.872263300 -122.268363000 27.894000000
1574451362294566972       37.872297700 -122.268378800 27.608000000
1574451363294567133       37.872335900 -122.268383200 27.709000000
1574451364294567294       37.872377700 -122.268385400 27.775000000
1574451365294567455       37.872422700 -122.268389100 27.697000000
1574451366294567615       37.872470500 -122.268393600 27.713000000
1574451367294567777       37.872521000 -122.268398900 27.563000000
1574451368294567938       37.872574400 -122.268402400 27.612000000
1574451369294568099       37.872630200 -122.268403700 27.787000000
1574451370294568260       37.872687800 -122.268402500 27.749000000
1574451371294568421       37.872747400 -122.268400300 27.801000000
1574451372294568583       37.872808300 -122.268400300 27.838000000
1574451373294568744       37.872868700 -122.268402500 28.022000000
1574451374294568904       37.872929900 -122.268407300 28.656000000
1574451375294569063       37.872991400 -122.268415000 29.356000000
1574451376294569224       37.873051100 -122.268422100 29.555000000
1574451377294569385       37.873111300 -122.268430100 30.045000000
1574451378294569547       37.873171400 -122.268436900 29.949000000
1574451379294569709       37.873231300 -122.268444000 30.031000000
1574451380294569869       37.873291600 -122.268452400 30.479000000
1574451381294570030       37.873352800 -122.268459300 30.919000000
1574451382294570190       37.873415700 -122.268465000 31.862000000
1574451383294570350       37.873479000 -122.268472500 32.415000000
1574451384294570511       37.873540400 -122.268479100 33.102000000
1574451385294570673       37.873600700 -122.268478000 32.906000000
1574451386294570834       37.873659200 -122.268480100 33.649000000
1574451387294570995       37.873710700 -122.268482600 34.158000000
1574451388294571158       37.873751300 -122.268480200 34.077000000
1574451389294571319       37.873783000 -122.268467300 34.564000000
1574451390294571479       37.873810700 -122.268443400 35.064000000
1574451391294571641       37.873830200 -122.268404200 35.210000000
1574451392294571803       37.873839300 -122.268351800 35.086000000
1574451393294571966       37.873845000 -122.268293300 35.080000000
1574451394294572129       37.873853100 -122.268228000 35.195000000
1574451395294572291       37.873863500 -122.268152200 35.349000000
1574451396294572453       37.873877900 -122.268066400 35.198000000
1574451397294572617       37.873890600 -122.267971500 34.799000000
1574451398294572779       37.873901400 -122.267873800 34.862000000
1574451399294572942       37.873913700 -122.267776500 34.895000000
1574451400294573104       37.873929500 -122.267680700 35.098000000
1574451401294573268       37.873939500 -122.267581000 34.938000000
1574451402294573429       37.873956200 -122.267484300 35.694000000
1574451403294573591       37.873975000 -122.267386600 35.501000000
1574451404294573752       37.873992600 -122.267286400 35.422000000
1574451405294573915       37.874008100 -122.267184200 35.254000000
1574451406294574077       37.874024300 -122.267082300 35.112000000
1574451407294574239       37.874036900 -122.266983200 34.874000000
1574451408294574400       37.874051700 -122.266889300 35.384000000
1574451409294574561       37.874061700 -122.266801200 35.412000000
1574451410294574724       37.874062800 -122.266721700 34.772000000
1574451411294574888       37.874062800 -122.266650700 34.276000000
1574451412294575051       37.874065800 -122.266586200 33.790000000
1574451413294575213       37.874070500 -122.266533100 33.687000000
1574451414294575375       37.874073900 -122.266495700 33.824000000
1574451415294575536       37.874081200 -122.266469600 33.909000000
1574451416294575697       37.874081500 -122.266441700 34.024000000
1574451417294575858       37.874076100 -122.266407500 34.273000000
1574451418294576021       37.874058700 -122.266372100 33.918000000
1574451419294576184       37.874026000 -122.266346100 33.620000000
1574451420294576346       37.873983000 -122.266332700 33.580000000
1574451421294576507       37.873933300 -122.266325600 33.548000000
1574451422294576668       37.873875400 -122.266312800 33.577000000
1574451423294576831       37.873809400 -122.266290900 33.307000000
1574451424294576992       37.873740600 -122.266269300 33.391000000
1574451425294577153       37.873668900 -122.266254200 33.602000000
1574451426294577316       37.873597700 -122.266244100 33.297000000
1574451427294577478       37.873528000 -122.266235000 33.375000000
1574451428294577638       37.873460000 -122.266227300 34.077000000
1574451429294577800       37.873391800 -122.266226700 34.058000000
1574451430294577963       37.873324700 -122.266227000 33.507000000
1574451431294578127       37.873259300 -122.266232600 32.352000000
1574451432294578289       37.873198800 -122.266232600 32.179000000
1574451433294578451       37.873145400 -122.266233100 31.770000000
1574451434294578613       37.873098900 -122.266231900 31.612000000
1574451435294578775       37.873058100 -122.266229500 31.448000000
1574451436294578938       37.873024200 -122.266226700 31.074000000
1574451437294579100       37.872999400 -122.266225500 31.037000000
1574451438294579263       37.872984200 -122.266222700 30.494000000
1574451439294579425       37.872976300 -122.266220700 30.275000000
1574451440294579587       37.872974100 -122.266220600 30.099000000
1574451441294579749       37.872974300 -122.266220600 29.863000000
1574451442294579912       37.872974300 -122.266220100 29.767000000
1574451443294580074       37.872974300 -122.266219300 29.613000000
1574451444294580237       37.872973700 -122.266218700 29.390000000
1574451445294580399       37.872973000 -122.266218100 29.153000000
1574451446294580562       37.872972300 -122.266217500 28.963000000
1574451447294580724       37.872971900 -122.266216800 28.666000000
1574451448294580887       37.872971100 -122.266216400 28.467000000
1574451449294581050       37.872970500 -122.266215900 28.193000000
1574451450294581212       37.872969900 -122.266215300 27.996000000
1574451451294581376       37.872969500 -122.266214700 27.663000000
1574451452294581539       37.872969100 -122.266214100 27.252000000
1574451453294581702       37.872968300 -122.266213900 26.967000000
1574451454294581864       37.872963100 -122.266213300 26.892000000
1574451455294582026       37.872949200 -122.266211800 26.857000000
1574451456294582189       37.872928100 -122.266208900 26.809000000
1574451457294582349       37.872900500 -122.266206100 27.382000000
1574451458294582513       37.872864900 -122.266201800 26.951000000
1574451459294582676       37.872821500 -122.266199600 26.662000000
1574451460294582839       37.872772600 -122.266198200 26.669000000
1574451461294582999       37.872720400 -122.266195000 27.670000000
1574451462294583159       37.872668200 -122.266195600 28.280000000
1574451463294583320       37.872619100 -122.266197900 28.440000000
1574451464294583480       37.872575100 -122.266201800 29.077000000
1574451465294583643       37.872535300 -122.266208800 28.779000000
1574451466294583804       37.872499800 -122.266232500 29.162000000
1574451467294583965       37.872476100 -122.266272200 29.418000000
1574451468294584126       37.872464300 -122.266322900 29.330000000
1574451469294584288       37.872457100 -122.266379700 29.220000000
1574451470294584449       37.872449300 -122.266438900 29.303000000
1574451471294584611       37.872440900 -122.266503300 29.133000000
1574451472294584773       37.872431800 -122.266572200 28.878000000
1574451473294584934       37.872423000 -122.266640300 28.839000000
1574451474294585096       37.872415800 -122.266697300 28.442000000
1574451475294585257       37.872410500 -122.266733700 28.681000000
1574451476294585419       37.872408000 -122.266752400 28.352000000
1574451477294585581       37.872408700 -122.266765500 28.423000000
1574451478294585743       37.872413400 -122.266787900 28.064000000
1574451479294585906       37.872426500 -122.266815700 27.928000000
1574451480294586068       37.872450400 -122.266842800 27.713000000
1574451481294586230       37.872482800 -122.266865000 27.718000000
1574451482294586393       37.872521000 -122.266880400 27.546000000
1574451483294586555       37.872564600 -122.266893000 27.776000000
1574451484294586718       37.872611600 -122.266906300 27.596000000
1574451485294586880       37.872659400 -122.266919400 27.666000000
1574451486294587042       37.872707300 -122.266930500 27.743000000
1574451487294587205       37.872755300 -122.266937300 27.740000000
1574451488294587367       37.872803100 -122.266941900 27.935000000
1574451489294587529       37.872851400 -122.266949300 28.053000000
1574451490294587691       37.872900900 -122.266957700 28.297000000
1574451491294587854       37.872951000 -122.266968100 28.505000000
1574451492294588016       37.873000800 -122.266979200 28.585000000
1574451493294588178       37.873047500 -122.266987200 28.965000000
1574451494294588341       37.873087500 -122.266993200 28.909000000
1574451495294588504       37.873118900 -122.266996800 28.641000000
1574451496294588666       37.873140500 -122.266999500 28.771000000
1574451497294588828       37.873155300 -122.267000600 28.819000000
1574451498294588992       37.873166800 -122.267001700 28.560000000
1574451499294589154       37.873179300 -122.267004900 28.584000000
1574451500294589316       37.873194600 -122.267011800 28.611000000
1574451501294589477       37.873215000 -122.267024900 29.308000000
1574451502294589638       37.873237500 -122.267047300 29.799000000
1574451503294589800       37.873254900 -122.267087200 30.218000000
1574451504294589961       37.873263100 -122.267138400 30.377000000
1574451505294590122       37.873261600 -122.267194000 30.944000000
1574451506294590283       37.873257800 -122.267245700 31.605000000
1574451507294590446       37.873254400 -122.267286400 31.383000000
1574451508294590609       37.873251200 -122.267317600 31.275000000
1574451509294590771       37.873248700 -122.267337500 31.226000000
1574451510294590935       37.873247400 -122.267348300 30.500000000
1574451511294591098       37.873246100 -122.267351600 30.405000000
1574451512294591262       37.873245300 -122.267353000 30.144000000
1574451513294591424       37.873244200 -122.267353800 30.243000000
1574451514294591588       37.873243200 -122.267356300 29.894000000
1574451515294591751       37.873241500 -122.267357700 30.006000000
1574451516294591913       37.873240600 -122.267358100 29.950000000
1574451517294592077       37.873240100 -122.267359500 29.797000000
1574451518294592240       37.873239300 -122.267361300 29.610000000
