1574451210077      0.433     -2.164      1.904 
1574451218033      9.715      2.054      2.018 
1574451219767     19.715      4.481      2.090 
1574451221195     29.613      6.088      2.100 
1574451222623     39.839      7.793      2.058 
1574451224051     49.739      9.416      2.033 
1574451225581     60.162     10.970      2.054 
1574451227111     70.174     12.415      2.066 
1574451228641     80.197     13.961      2.042 
1574451230477     90.067     15.674      2.018 
1574451232517     99.591     19.427      2.070 
1574451234353    109.410     21.551      2.198 
1574451236189    119.813     21.126      2.528 
1574451239453    129.825     21.787      2.275 
1574451247817    139.367     24.907      2.013 
1574451250775    148.094     29.971      2.094 
1574451254651    156.775     35.184      1.958 
1574451256895    166.195     38.803      2.116 
1574451258832    176.088     41.303      2.575 
1574451260567    186.043     43.028      2.125 
1574451262198    196.528     44.495      2.023 
1574451263728    206.481     45.810      1.997 
1574451265360    216.528     47.605      2.012 
1574451267094    226.810     50.129      1.965 
1574451268828    237.163     52.119      1.968 
1574451270664    247.562     52.863      1.985 
1574451272602    257.856     52.857      2.028 
1574451274438    267.922     53.764      2.045 
1574451276172    278.055     55.049      1.976 
1574451277804    288.089     56.310      2.038 
1574451279436    298.525     57.708      2.019 
1574451281068    308.950     59.148      1.964 
1574451282700    319.214     60.139      2.066 
1574451284638    329.645     60.229      2.029 
1574451287086    339.855     59.114      1.961 
1574451289636    345.446     50.747      2.064 
1574451291472    345.973     40.271      2.059 
1574451293002    346.622     30.253      1.986 
1574451294532    347.545     19.665      1.977 
1574451295960    348.162      9.608      1.952 
1574451297490    348.077     -1.087      1.887 
1574451299122    347.708    -11.597      1.873 
1574451301060    347.598    -21.926      1.987 
1574451303610    342.166    -30.733      2.027 
1574451305752    332.287    -32.469      1.957 
1574451307486    322.392    -33.898      1.869 
1574451309016    312.550    -35.619      1.813 
1574451310648    302.030    -37.452      1.894 
1574451312178    291.975    -39.100      1.986 
1574451313708    281.856    -40.571      1.999 
1574451315340    271.418    -42.239      1.947 
1574451317074    261.147    -44.443      1.847 
1574451319216    251.245    -47.152      1.725 
1574451322990    241.541    -49.590      2.004 
1574451342472    231.342    -51.480      2.029 
1574451345226    221.355    -52.984      2.057 
1574451347674    211.232    -54.222      2.044 
1574451349612    201.202    -54.850      2.018 
1574451351652    190.902    -55.803      1.872 
1574451354406    180.736    -57.200      1.852 
1574451357364    170.734    -58.875      2.029 
1574451360322    160.671    -56.830      2.156 
1574451363178    155.939    -47.630      1.990 
1574451365422    155.460    -37.244      1.933 
1574451367360    154.594    -27.119      1.958 
1574451369094    153.887    -16.848      2.020 
1574451370726    154.122     -6.566      1.995 
1574451372256    154.458      3.570      1.988 
1574451373786    154.274     13.935      1.997 
1574451375316    153.726     24.352      2.023 
1574451376846    152.935     34.426      2.019 
1574451378376    152.090     44.652      1.864 
1574451379906    151.127     54.873      1.905 
1574451381436    150.245     65.153      1.989 
1574451382864    149.379     75.228      1.958 
1574451384292    148.543     85.588      1.866 
1574451385720    147.767     95.733      1.890 
1574451387250    147.132    105.990      1.914 
1574451389392    147.544    116.347      2.005 
1574451392248    155.858    122.523      2.100 
1574451394288    166.071    124.135      2.383 
1574451395818    176.047    125.903      2.086 
1574451397144    186.097    127.755      1.984 
1574451398368    196.418    129.641      1.978 
1574451399490    206.310    131.456      1.953 
1574451400714    216.820    133.697      2.036 
1574451401836    226.637    135.848      2.038 
1574451402958    236.530    137.914      2.026 
1574451404182    247.179    139.939      2.086 
1574451405304    257.173    141.737      2.027 
1574451406426    267.391    143.500      2.022 
1574451407650    278.194    144.915      2.054 
1574451408873    288.564    145.862      2.096 
1574451410199    298.899    146.345      2.061 
1574451411729    309.286    146.573      2.010 
1574451413565    319.284    147.160      2.029 
1574451417135    329.460    148.081      1.922 
1574451420093    336.850    140.960      1.961 
1574451422031    337.876    130.557      1.930 
1574451423459    339.962    120.763      2.014 
1574451424785    342.545    110.383      2.027 
1574451426009    344.528    100.469      1.987 
1574451427335    345.870     89.697      1.999 
1574451428661    346.566     79.551      2.024 
1574451429987    346.850     69.498      2.086 
1574451431313    346.691     59.597      2.081 
1574451432741    346.328     49.581      2.094 
1574451434475    346.298     39.452      2.038 
1574451436821    346.858     29.272      2.037 
1574451456813    347.635     19.016      1.986 
1574451459465    348.393      8.732      1.964 
1574451461301    348.935     -1.413      1.977 
1574451463035    348.860    -11.529      1.934 
1574451465075    348.432    -21.754      1.949 
1574451467523    343.314    -30.626      2.038 
1574451469665    333.455    -32.706      1.934 
1574451471501    323.355    -34.272      1.905 
1574451473133    313.231    -35.846      1.876 
1574451475071    302.967    -37.223      1.878 
1574451480069    293.204    -34.919      1.848 
1574451482721    289.281    -25.443      1.838 
1574451484761    287.119    -15.330      2.006 
1574451486699    285.282     -4.994      2.061 
1574451488637    284.430      5.258      1.989 
1574451490575    283.567     15.748      2.020 
1574451492411    282.129     26.207      1.989 
1574451494349    280.747     36.196      1.978 
1574451498327    279.212     46.133      1.989 
1574451503121    274.223     55.083      2.001 
1574451505365    264.069     57.292      1.918 
1574451507711    253.986     56.386      1.954 
