1574451648294613337       37.873154900 -122.268253800 35.005000000
1574451649294613501       37.873152000 -122.268262700 34.854000000
1574451650294613664       37.873147300 -122.268277700 34.610000000
1574451651294613826       37.873145500 -122.268295200 35.167000000
1574451652294613989       37.873146000 -122.268321200 35.112000000
1574451653294614154       37.873151700 -122.268354400 34.523000000
1574451654294614320       37.873167600 -122.268388800 33.883000000
1574451655294614484       37.873198300 -122.268415100 33.682000000
1574451656294614647       37.873241400 -122.268431600 33.895000000
1574451657294614811       37.873291000 -122.268444800 33.693000000
1574451658294614974       37.873345000 -122.268454900 33.864000000
1574451659294615138       37.873403200 -122.268469100 33.617000000
1574451660294615301       37.873462900 -122.268487200 33.923000000
1574451661294615462       37.873522900 -122.268502700 34.364000000
1574451662294615625       37.873583100 -122.268513900 34.453000000
1574451663294615781       37.873638200 -122.268520700 37.355000000
1574451664294615941       37.873691600 -122.268522800 38.188000000
1574451665294616104       37.873738000 -122.268533500 38.757000000
1574451666294616267       37.873778100 -122.268543300 38.649000000
1574451667294616430       37.873813100 -122.268561600 38.697000000
1574451668294616587       37.873842000 -122.268597500 41.280000000
1574451669294616750       37.873864700 -122.268645400 41.128000000
1574451670294616913       37.873877100 -122.268705300 41.654000000
1574451671294617078       37.873880500 -122.268769900 40.841000000
1574451672294617243       37.873875100 -122.268842400 40.564000000
1574451673294617407       37.873866100 -122.268916500 40.482000000
1574451674294617570       37.873856100 -122.268997300 40.876000000
1574451675294617735       37.873846600 -122.269081900 40.811000000
1574451676294617900       37.873835400 -122.269169200 40.320000000
1574451677294618064       37.873822500 -122.269255800 40.318000000
1574451678294618230       37.873810100 -122.269340000 39.391000000
1574451679294618395       37.873798600 -122.269417000 39.040000000
1574451680294618559       37.873788700 -122.269484200 39.123000000
1574451681294618725       37.873780100 -122.269542400 38.557000000
1574451682294618889       37.873772400 -122.269589300 38.230000000
1574451683294619053       37.873766200 -122.269626900 38.127000000
1574451684294619218       37.873759700 -122.269661700 37.675000000
1574451685294619384       37.873750100 -122.269693700 36.975000000
1574451686294619549       37.873738100 -122.269720800 36.266000000
1574451687294619715       37.873723300 -122.269743400 35.530000000
1574451688294619881       37.873704700 -122.269760100 34.679000000
1574451689294620046       37.873681900 -122.269771600 34.297000000
1574451690294620211       37.873654800 -122.269775000 33.524000000
1574451691294620377       37.873624400 -122.269769100 32.569000000
1574451692294620542       37.873589300 -122.269759900 31.797000000
1574451693294620707       37.873552800 -122.269749400 31.161000000
1574451694294620872       37.873515400 -122.269740500 30.852000000
1574451695294621035       37.873474700 -122.269733300 30.694000000
1574451696294621199       37.873432400 -122.269725900 30.529000000
1574451697294621363       37.873394300 -122.269718600 30.331000000
1574451698294621528       37.873362500 -122.269711700 29.888000000
1574451699294621693       37.873333700 -122.269705400 29.431000000
1574451700294621858       37.873308900 -122.269699600 29.119000000
1574451701294622021       37.873289000 -122.269695800 29.325000000
1574451702294622185       37.873272300 -122.269692100 29.213000000
1574451703294622350       37.873255200 -122.269685400 28.946000000
1574451704294622514       37.873237000 -122.269674500 28.797000000
1574451705294622679       37.873216800 -122.269660000 28.437000000
1574451706294622844       37.873191800 -122.269648200 28.052000000
1574451707294623008       37.873160800 -122.269641400 27.915000000
1574451708294623172       37.873124200 -122.269639900 27.718000000
1574451709294623337       37.873085900 -122.269642200 27.685000000
1574451710294623500       37.873049000 -122.269640700 28.275000000
1574451711294623663       37.873015100 -122.269638100 28.545000000
1574451712294623826       37.872983900 -122.269633700 28.783000000
1574451713294623990       37.872958900 -122.269630900 28.916000000
1574451714294624153       37.872934900 -122.269631400 29.353000000
1574451715294624318       37.872907600 -122.269636300 28.914000000
1574451716294624483       37.872880600 -122.269652100 28.284000000
1574451717294624647       37.872855900 -122.269682700 28.284000000
1574451718294624812       37.872836200 -122.269723200 27.575000000
1574451719294624977       37.872822200 -122.269774400 27.048000000
1574451720294625142       37.872812900 -122.269835000 26.677000000
1574451721294625306       37.872805600 -122.269901900 26.344000000
1574451722294625471       37.872797200 -122.269974700 26.101000000
1574451723294625635       37.872788200 -122.270052400 25.875000000
1574451724294625799       37.872778400 -122.270133000 25.713000000
1574451725294625964       37.872768200 -122.270215000 25.412000000
1574451726294626127       37.872759200 -122.270296300 25.710000000
1574451727294626293       37.872748900 -122.270376600 25.420000000
1574451728294626457       37.872738600 -122.270450400 25.593000000
1574451729294626622       37.872730500 -122.270513200 25.380000000
1574451730294626787       37.872725400 -122.270561700 25.263000000
1574451731294626951       37.872721800 -122.270594800 25.402000000
1574451732294627116       37.872720100 -122.270621100 25.207000000
1574451733294627280       37.872724300 -122.270651400 25.233000000
1574451734294627444       37.872738700 -122.270686200 25.394000000
1574451735294627608       37.872767400 -122.270716900 25.442000000
1574451736294627772       37.872808100 -122.270736900 25.412000000
1574451737294627937       37.872851400 -122.270748000 25.378000000
1574451738294628101       37.872889100 -122.270754700 25.264000000
1574451739294628266       37.872923400 -122.270760600 25.120000000
1574451740294628430       37.872959700 -122.270769700 25.151000000
1574451741294628593       37.873002000 -122.270781400 25.373000000
1574451742294628757       37.873052100 -122.270793200 25.223000000
1574451743294628922       37.873108800 -122.270805700 25.126000000
1574451744294629087       37.873173300 -122.270818600 24.836000000
1574451745294629251       37.873243600 -122.270830300 24.963000000
1574451746294629414       37.873315300 -122.270839400 25.174000000
1574451747294629576       37.873381600 -122.270849700 26.299000000
1574451748294629739       37.873437100 -122.270859800 26.809000000
1574451749294629902       37.873475700 -122.270867500 27.178000000
1574451750294630066       37.873496200 -122.270870800 27.146000000
1574451751294630231       37.873502500 -122.270871700 26.999000000
1574451752294630395       37.873502800 -122.270871700 27.086000000
1574451753294630559       37.873502500 -122.270870600 27.023000000
1574451754294630725       37.873502400 -122.270868500 26.426000000
1574451755294630889       37.873504500 -122.270868400 26.566000000
1574451756294631055       37.873513500 -122.270868600 26.043000000
1574451757294631221       37.873531300 -122.270866900 25.322000000
1574451758294631385       37.873555600 -122.270857300 25.248000000
1574451759294631550       37.873581300 -122.270832700 25.197000000
1574451760294631712       37.873601200 -122.270793100 26.003000000
1574451761294631875       37.873615800 -122.270737300 26.246000000
1574451762294632039       37.873627800 -122.270668200 26.320000000
1574451763294632204       37.873638100 -122.270589400 26.350000000
1574451764294632368       37.873649800 -122.270504700 26.751000000
1574451765294632532       37.873664400 -122.270416000 26.844000000
1574451766294632696       37.873680100 -122.270328000 27.099000000
1574451767294632861       37.873695700 -122.270238900 27.006000000
1574451768294633025       37.873709800 -122.270148500 27.242000000
1574451769294633189       37.873722200 -122.270055900 27.476000000
1574451770294633355       37.873730500 -122.269961100 27.192000000
1574451771294633519       37.873735000 -122.269864700 27.480000000
1574451772294633683       37.873740300 -122.269767300 27.789000000
1574451773294633847       37.873747600 -122.269671000 28.004000000
1574451774294634011       37.873757000 -122.269575600 28.208000000
1574451775294634175       37.873769300 -122.269480600 28.260000000
1574451776294634340       37.873781000 -122.269386500 28.088000000
1574451777294634504       37.873788900 -122.269293900 27.792000000
1574451778294634667       37.873792300 -122.269206100 28.321000000
1574451779294634832       37.873792700 -122.269124900 28.266000000
1574451780294634996       37.873791100 -122.269051300 28.095000000
1574451781294635161       37.873788200 -122.268986100 27.700000000
1574451782294635324       37.873786900 -122.268933400 28.095000000
1574451783294635489       37.873788900 -122.268896800 27.821000000
1574451784294635654       37.873792300 -122.268876500 27.835000000
1574451785294635818       37.873794000 -122.268870400 27.899000000
1574451786294635981       37.873795300 -122.268872100 28.349000000
1574451787294636145       37.873796700 -122.268870900 28.419000000
1574451788294636309       37.873797600 -122.268864200 28.903000000
1574451789294636473       37.873798300 -122.268853000 29.153000000
1574451790294636638       37.873797500 -122.268843100 29.132000000
1574451791294636804       37.873796200 -122.268838400 28.956000000
1574451792294636969       37.873797400 -122.268837100 28.646000000
1574451793294637134       37.873798000 -122.268836800 28.314000000
1574451794294637299       37.873799200 -122.268837000 28.360000000
1574451795294637463       37.873800100 -122.268837100 28.357000000
1574451796294637627       37.873799800 -122.268837600 28.432000000
1574451797294637792       37.873799000 -122.268838500 28.541000000
1574451798294637957       37.873797700 -122.268839500 28.572000000
1574451799294638121       37.873796800 -122.268840300 28.558000000
1574451800294638286       37.873796600 -122.268841100 28.562000000
1574451801294638450       37.873796500 -122.268842000 28.640000000
1574451802294638615       37.873796200 -122.268842500 28.645000000
1574451803294638779       37.873795700 -122.268838700 28.635000000
1574451804294638944       37.873797000 -122.268823600 28.416000000
1574451805294639107       37.873798300 -122.268799100 29.296000000
1574451806294639272       37.873794000 -122.268767300 29.435000000
1574451807294639438       37.873791200 -122.268735400 29.305000000
1574451808294639604       37.873779500 -122.268706200 29.182000000
1574451809294639768       37.873766800 -122.268682200 29.478000000
1574451810294639933       37.873747400 -122.268663300 29.232000000
1574451811294640100       37.873717500 -122.268652200 28.576000000
1574451812294640267       37.873681100 -122.268643900 27.658000000
1574451813294640433       37.873640400 -122.268640700 26.905000000
1574451814294640600       37.873593100 -122.268644900 26.112000000
1574451815294640770       37.873541300 -122.268652100 24.633000000
1574451816294640938       37.873487600 -122.268656900 23.398000000
1574451817294641105       37.873429900 -122.268652100 22.588000000
1574451818294641272       37.873368200 -122.268653600 21.568000000
1574451819294641438       37.873305100 -122.268649700 21.095000000
1574451820294641603       37.873243500 -122.268640000 20.877000000
1574451821294641765       37.873182600 -122.268622800 21.331000000
1574451822294641927       37.873121900 -122.268604500 21.636000000
1574451823294642079       37.873064100 -122.268595200 26.246000000
1574451824294642243       37.873008400 -122.268584200 26.139000000
1574451825294642407       37.872954400 -122.268572800 26.195000000
1574451826294642571       37.872903300 -122.268563700 26.421000000
1574451827294642734       37.872855200 -122.268556600 27.059000000
1574451828294642899       37.872811200 -122.268551400 26.829000000
1574451829294643064       37.872771800 -122.268546300 26.567000000
1574451830294643228       37.872734800 -122.268538900 26.740000000
1574451831294643393       37.872699700 -122.268534100 26.601000000
1574451832294643558       37.872669300 -122.268529000 26.475000000
1574451833294643723       37.872645600 -122.268524700 26.414000000
1574451834294643889       37.872629700 -122.268522500 26.144000000
1574451835294644055       37.872622400 -122.268521900 25.933000000
1574451836294644219       37.872621300 -122.268520300 26.042000000
1574451837294644383       37.872622500 -122.268518700 26.456000000
1574451838294644546       37.872622900 -122.268517800 26.983000000
1574451839294644710       37.872623500 -122.268516700 27.338000000
1574451840294644875       37.872624200 -122.268516100 27.513000000
1574451841294645039       37.872624100 -122.268515800 27.563000000
1574451842294645203       37.872623700 -122.268516100 27.689000000
1574451843294645368       37.872623500 -122.268516000 27.692000000
1574451844294645532       37.872623600 -122.268515900 27.646000000
1574451845294645696       37.872623400 -122.268515800 27.638000000
1574451846294645861       37.872620100 -122.268515900 27.613000000
1574451847294646025       37.872606600 -122.268515000 27.548000000
1574451848294646189       37.872579900 -122.268512700 27.872000000
1574451849294646352       37.872546700 -122.268508800 28.047000000
1574451850294646517       37.872512900 -122.268504800 27.840000000
1574451851294646682       37.872478700 -122.268501400 27.783000000
1574451852294646847       37.872444600 -122.268497200 27.667000000
1574451853294647011       37.872417000 -122.268494500 27.680000000
1574451854294647176       37.872401000 -122.268493700 27.570000000
1574451855294647341       37.872395700 -122.268493600 27.423000000
1574451856294647506       37.872394900 -122.268493600 27.248000000
1574451857294647672       37.872394600 -122.268493300 27.193000000
1574451858294647837       37.872394900 -122.268492900 27.055000000
1574451859294648002       37.872394800 -122.268492700 26.820000000
1574451860294648168       37.872394500 -122.268492900 26.597000000
1574451861294648333       37.872394400 -122.268493200 26.491000000
1574451862294648498       37.872394100 -122.268493300 26.425000000
1574451863294648663       37.872393500 -122.268493300 26.367000000
1574451864294648828       37.872393300 -122.268493600 26.396000000
1574451865294648993       37.872393100 -122.268493700 26.364000000
1574451866294649158       37.872393000 -122.268493400 26.378000000
1574451867294649324       37.872393100 -122.268493000 26.150000000
1574451868294649490       37.872393000 -122.268492100 25.611000000
1574451869294649656       37.872393100 -122.268491900 25.260000000
1574451870294649822       37.872393600 -122.268491600 24.852000000
1574451871294649988       37.872394300 -122.268491100 24.311000000
1574451872294650154       37.872394800 -122.268490800 23.934000000
1574451873294650320       37.872395100 -122.268490500 23.622000000
1574451874294650486       37.872395100 -122.268490700 23.171000000
1574451875294650652       37.872394700 -122.268491000 22.876000000
1574451876294650817       37.872394700 -122.268491000 22.523000000
1574451877294650983       37.872394900 -122.268491100 22.258000000
1574451878294651149       37.872395200 -122.268491300 21.939000000
1574451879294651311       37.872396500 -122.268491000 22.865000000
1574451880294651474       37.872393000 -122.268490200 23.645000000
1574451881294651641       37.872381500 -122.268488900 22.752000000
1574451882294651807       37.872370200 -122.268487400 22.326000000
1574451883294651973       37.872364000 -122.268486100 22.106000000
1574451884294652138       37.872362300 -122.268485500 22.053000000
1574451885294652303       37.872362400 -122.268485500 21.883000000
1574451886294652469       37.872362600 -122.268485800 21.797000000
1574451887294652634       37.872362600 -122.268486100 21.679000000
1574451888294652799       37.872362900 -122.268486300 21.805000000
1574451889294652964       37.872363300 -122.268486400 21.787000000
1574451890294653128       37.872364500 -122.268485800 22.413000000
1574451891294653292       37.872365300 -122.268485400 22.833000000
1574451892294653456       37.872366300 -122.268485000 23.280000000
1574451893294653621       37.872364500 -122.268484400 23.228000000
1574451894294653786       37.872355700 -122.268483100 23.158000000
1574451895294653952       37.872339700 -122.268481900 22.957000000
1574451896294654118       37.872320600 -122.268480700 22.672000000
1574451897294654283       37.872299000 -122.268480400 22.361000000
1574451898294654448       37.872273100 -122.268485900 22.293000000
1574451899294654613       37.872245000 -122.268500200 22.248000000
1574451900294654778       37.872219700 -122.268523500 22.118000000
1574451901294654943       37.872200300 -122.268557100 21.954000000
1574451902294655109       37.872187900 -122.268597200 21.633000000
1574451903294655276       37.872179800 -122.268638800 21.133000000
1574451904294655440       37.872172600 -122.268680900 21.424000000
1574451905294655606       37.872166100 -122.268728500 21.265000000
1574451906294655772       37.872158600 -122.268780100 21.017000000
1574451907294655936       37.872149700 -122.268835600 21.406000000
1574451908294656101       37.872139400 -122.268898000 21.431000000
1574451909294656267       37.872131100 -122.268960600 21.217000000
1574451910294656431       37.872123100 -122.269021200 21.317000000
1574451911294656596       37.872114500 -122.269082200 21.368000000
1574451912294656761       37.872106400 -122.269140500 21.247000000
1574451913294656926       37.872099700 -122.269189300 21.171000000
1574451914294657092       37.872094400 -122.269225300 21.106000000
1574451915294657256       37.872090400 -122.269253100 21.272000000
1574451916294657420       37.872086200 -122.269283800 21.404000000
1574451917294657585       37.872081900 -122.269323200 21.467000000
1574451918294657750       37.872077600 -122.269367900 21.294000000
1574451919294657914       37.872072400 -122.269414600 21.443000000
1574451920294658078       37.872066900 -122.269462000 21.782000000
1574451921294658243       37.872061800 -122.269510300 21.727000000
1574451922294658408       37.872056900 -122.269560200 21.742000000
1574451923294658574       37.872051200 -122.269613100 21.231000000
1574451924294658739       37.872044400 -122.269667500 21.025000000
1574451925294658904       37.872037700 -122.269723500 20.854000000
1574451926294659068       37.872031600 -122.269778600 21.088000000
1574451927294659233       37.872025500 -122.269828000 20.994000000
1574451928294659398       37.872020200 -122.269871200 20.904000000
1574451929294659563       37.872015200 -122.269912200 20.828000000
1574451930294659728       37.872009700 -122.269953000 20.843000000
1574451931294659893       37.872002900 -122.269994400 20.728000000
1574451932294660059       37.871993500 -122.270037700 20.296000000
1574451933294660224       37.871984400 -122.270085200 19.993000000
1574451934294660390       37.871978700 -122.270136300 19.916000000
1574451935294660554       37.871973300 -122.270185500 20.153000000
1574451936294660719       37.871966100 -122.270233500 20.302000000
1574451937294660884       37.871958600 -122.270281400 20.336000000
1574451938294661050       37.871951800 -122.270329800 20.111000000
1574451939294661217       37.871945600 -122.270380900 19.330000000
1574451940294661382       37.871940200 -122.270432000 19.317000000
1574451941294661548       37.871940400 -122.270485000 19.013000000
1574451942294661713       37.871953200 -122.270531700 19.296000000
1574451943294661877       37.871980800 -122.270564600 19.997000000
1574451944294662041       37.872020600 -122.270582200 21.120000000
1574451945294662204       37.872064100 -122.270592100 22.038000000
1574451946294662369       37.872112400 -122.270602200 22.424000000
1574451947294662531       37.872166700 -122.270611800 24.171000000
1574451948294662695       37.872225200 -122.270626100 24.880000000
1574451949294662862       37.872290500 -122.270643000 24.754000000
1574451950294663028       37.872359100 -122.270659500 25.222000000
1574451951294663193       37.872426200 -122.270675800 25.601000000
1574451952294663359       37.872485400 -122.270691100 25.614000000
1574451953294663524       37.872534300 -122.270702400 26.003000000
1574451954294663691       37.872574100 -122.270710200 25.674000000
1574451955294663854       37.872607900 -122.270712300 26.360000000
1574451956294664020       37.872640600 -122.270697300 26.338000000
1574451957294664184       37.872667800 -122.270668800 26.967000000
1574451958294664350       37.872690000 -122.270621400 26.765000000
1574451959294664515       37.872703400 -122.270562500 26.720000000
1574451960294664680       37.872711700 -122.270498300 26.534000000
1574451961294664844       37.872719300 -122.270438600 26.843000000
1574451962294665010       37.872725900 -122.270383100 26.662000000
1574451963294665174       37.872731200 -122.270338900 27.091000000
1574451964294665338       37.872734700 -122.270308300 27.416000000
1574451965294665503       37.872736700 -122.270289900 27.712000000
1574451966294665667       37.872738100 -122.270279100 27.846000000
1574451967294665833       37.872740600 -122.270264900 27.592000000
1574451968294665999       37.872744900 -122.270240300 27.508000000
1574451969294666165       37.872752000 -122.270201600 27.226000000
1574451970294666331       37.872760300 -122.270152900 27.097000000
1574451971294666495       37.872774000 -122.270098600 27.592000000
1574451972294666662       37.872792700 -122.270036100 27.361000000
1574451973294666828       37.872810200 -122.269961600 27.469000000
1574451974294666993       37.872822300 -122.269881500 27.698000000
1574451975294667158       37.872830300 -122.269799100 27.908000000
1574451976294667324       37.872835100 -122.269711800 27.894000000
1574451977294667488       37.872838200 -122.269619800 28.281000000
1574451978294667654       37.872845600 -122.269523700 28.364000000
1574451979294667820       37.872857300 -122.269428900 28.122000000
1574451980294667986       37.872868600 -122.269338600 28.083000000
1574451981294668152       37.872879900 -122.269251500 27.989000000
1574451982294668318       37.872890700 -122.269169700 27.868000000
1574451983294668485       37.872900500 -122.269095700 27.467000000
1574451984294668651       37.872909400 -122.269026900 27.315000000
1574451985294668817       37.872917700 -122.268959900 27.180000000
1574451986294668983       37.872924500 -122.268896100 27.031000000
1574451987294669149       37.872930900 -122.268839200 26.657000000
1574451988294669315       37.872936300 -122.268792400 26.313000000
1574451989294669482       37.872940900 -122.268755800 25.923000000
1574451990294669647       37.872945900 -122.268728400 26.203000000
1574451991294669812       37.872948800 -122.268709400 26.240000000
1574451992294669979       37.872950400 -122.268696900 25.987000000
1574451993294670144       37.872951800 -122.268681800 25.865000000
1574451994294670310       37.872955600 -122.268655200 25.745000000
1574451995294670476       37.872961500 -122.268621700 25.422000000
1574451996294670642       37.872970700 -122.268583300 25.575000000
1574451997294670808       37.872983500 -122.268541200 25.777000000
1574451998294670975       37.873001900 -122.268494100 25.684000000
1574451999294671141       37.873023800 -122.268442600 25.415000000
1574452000294671307       37.873044400 -122.268384800 25.273000000
1574452001294671474       37.873066200 -122.268320900 24.947000000
1574452002294671639       37.873086000 -122.268260400 25.414000000
1574452003294671805       37.873103900 -122.268204100 25.390000000
1574452004294671972       37.873123100 -122.268146900 25.213000000
1574452005294672137       37.873137900 -122.268090100 25.808000000
1574452006294672302       37.873150100 -122.268033300 26.010000000
1574452007294672468       37.873160300 -122.267974000 26.335000000
1574452008294672633       37.873174800 -122.267916000 26.646000000
1574452009294672801       37.873196000 -122.267864500 26.089000000
1574452010294672972       37.873218300 -122.267807200 24.361000000
1574452011294673141       37.873234900 -122.267739800 23.487000000
1574452012294673310       37.873250600 -122.267665500 22.528000000
1574452013294673475       37.873251400 -122.267582500 23.036000000
1574452014294673640       37.873258700 -122.267505400 23.828000000
1574452015294673805       37.873268000 -122.267431800 24.429000000
1574452016294673966       37.873267800 -122.267367800 26.135000000
1574452017294674128       37.873259300 -122.267314700 27.763000000
1574452018294674292       37.873246100 -122.267277900 28.748000000
1574452019294674455       37.873241300 -122.267258400 29.931000000
1574452020294674620       37.873239900 -122.267253000 30.138000000
1574452021294674787       37.873240700 -122.267248100 29.893000000
1574452022294674953       37.873241400 -122.267246100 29.673000000
1574452023294675119       37.873243000 -122.267243500 29.289000000
1574452024294675286       37.873244200 -122.267241100 29.077000000
1574452025294675452       37.873245100 -122.267238700 28.889000000
