1574451648572      2.077      0.259      2.031 
1574451654590     11.596     -3.088      1.927 
1574451656936     14.420    -12.891      1.966 
1574451658670     15.045    -23.242      2.078 
1574451660200     15.976    -33.864      2.041 
1574451661628     17.383    -44.058      2.047 
1574451663158     17.812    -54.561      2.070 
1574451664688     17.514    -64.633      2.080 
1574451664790     17.489    -65.282      2.046 
1574451666830     17.752    -75.698      2.077 
1574451669074     23.051    -84.682      1.997 
1574451671012     32.092    -89.147      2.034 
1574451672644     42.165    -89.917      2.269 
1574451674174     52.621    -89.599      2.087 
1574451675602     63.055    -89.277      2.067 
1574451676928     73.341    -88.782      2.055 
1574451678254     83.497    -88.080      2.041 
1574451679682     93.529    -87.265      2.050 
1574451681416    103.542    -86.506      2.059 
1574451684068    113.500    -85.886      2.005 
1574451687740    122.841    -81.830      2.053 
1574451691412    125.941    -72.091      1.911 
1574451693962    124.897    -61.811      2.026 
1574451696205    124.398    -51.532      1.995 
1574451698653    123.806    -41.283      1.990 
1574451702223    123.156    -31.159      2.006 
1574451706609    119.957    -21.532      2.029 
1574451709261    120.576    -11.322      1.987 
1574451711709    121.165     -1.161      1.971 
1574451715279    121.253      9.015      2.030 
1574451718339    128.431     16.225      2.073 
1574451720481    138.524     18.458      2.031 
1574451722215    148.819     18.700      2.043 
1574451723745    159.130     19.228      2.040 
1574451725173    169.395     19.655      2.055 
1574451726601    179.845     19.999      1.998 
1574451728029    190.024     20.539      1.998 
1574451729661    200.057     21.161      1.985 
1574451732619    210.217     21.482      2.085 
1574451735883    217.900     14.995      2.075 
1574451738025    219.153      5.055      2.051 
1574451740677    219.748     -5.178      1.983 
1574451742717    220.889    -15.600      2.046 
1574451744247    221.770    -25.828      2.035 
1574451745573    222.455    -36.025      2.035 
1574451746899    222.233    -46.784      1.992 
1574451748225    222.252    -56.794      1.995 
1574451750673    222.375    -66.880      2.035 
1574451759955    218.147    -76.231      2.116 
1574451762097    208.328    -78.600      1.993 
1574451763627    197.975    -79.326      1.993 
1574451765055    187.259    -80.046      1.999 
1574451766381    176.661    -81.028      2.024 
1574451767707    166.055    -82.239      2.027 
1574451769033    155.391    -83.168      2.057 
1574451770359    144.692    -83.635      2.037 
1574451771583    134.378    -83.461      2.059 
1574451772807    123.888    -83.061      2.111 
1574451774031    113.426    -82.780      2.086 
1574451775255    103.183    -82.920      2.085 
1574451776479     92.766    -83.257      2.069 
1574451777703     82.591    -83.277      2.058 
1574451779029     72.057    -82.733      2.076 
1574451780559     61.630    -81.504      2.103 
1574451782293     51.673    -79.696      2.116 
1574451789943     41.579    -79.369      2.353 
1574451807385     31.512    -79.595      2.095 
1574451811465     24.629    -71.989      1.941 
1574451813811     24.326    -61.815      1.938 
1574451815749     24.503    -51.464      1.908 
1574451817381     24.729    -41.446      2.000 
1574451818911     24.903    -31.141      1.996 
1574451820339     25.172    -20.994      1.973 
1574451821869     25.479    -10.573      1.954 
1574451823399     25.922     -0.349      1.893 
1574451824929     26.295      9.663      1.934 
1574451826663     26.331     20.011      1.992 
1574451828601     26.411     30.108      2.029 
1574451830947     26.624     40.215      2.015 
1574451833905     26.855     50.215      1.968 
1574451849612     27.242     60.430      2.010 
1574451852264     27.605     70.575      1.960 
1574451882456     28.072     80.693      1.934 
1574451898368     28.944     90.913      1.909 
1574451901530     35.590     98.663      1.896 
1574451904386     45.819    100.390      1.859 
1574451906732     55.936    101.172      1.885 
1574451908670     66.107    101.867      1.963 
1574451910506     76.584    102.583      1.959 
1574451912444     86.991    103.199      1.977 
1574451914892     97.063    103.761      1.926 
1574451918360    107.452    104.136      1.945 
1574451920808    117.887    104.334      1.972 
1574451923154    128.035    104.668      1.937 
1574451925194    138.111    105.100      1.928 
1574451927234    148.284    105.644      1.915 
1574451929886    158.461    106.134      1.947 
1574451932538    168.480    106.911      1.916 
1574451934884    178.573    107.496      1.916 
1574451937230    188.882    107.868      1.915 
1574451939576    199.137    108.318      1.988 
1574451941820    209.176    107.629      1.962 
1574451944268    216.201    100.398      1.945 
1574451946308    217.478     90.303      2.046 
1574451948042    217.833     79.696      1.987 
1574451949572    217.992     69.094      1.981 
1574451950898    218.262     59.001      1.964 
1574451952326    218.522     48.314      2.006 
1574451954060    218.720     38.269      1.991 
1574451956814    216.742     28.214      2.055 
1574451959262    207.335     23.851      2.021 
1574451961098    197.086     23.267      1.973 
1574451961200    196.552     23.289      1.944 
1574451963240    186.455     23.086      1.980 
1574451968442    176.436     22.675      1.966 
1574451968544    176.205     22.680      1.978 
1574451971196    165.897     21.905      2.042 
1574451972930    156.056     19.455      2.010 
1574451974460    145.723     17.711      2.040 
1574451975888    135.460     17.729      2.017 
1574451977214    125.148     18.441      2.060 
1574451978437    114.990     18.722      2.063 
1574451979662    104.713     18.422      2.094 
1574451980987     94.026     17.860      2.077 
1574451981090     93.204     17.813      2.109 
1574451981192     92.405     17.764      2.085 
1574451982620     81.788     17.088      2.066 
1574451984251     71.179     16.502      2.100 
1574451985985     60.664     15.991      2.196 
1574451989045     45.967     15.394      2.422 
1574451994349     35.906     14.798      1.872 
1574451997409     25.895     13.025      1.961 
1574451999551     16.509      9.452      2.088 
1574452001387      6.557      6.011      1.958 
1574452003121     -3.196      2.756      2.178 
1574452005059    -13.060     -0.382      2.457 
1574452006997    -23.077     -1.762      2.056 
1574452008935    -33.533     -2.482      1.953 
1574452010669    -43.903     -2.424      1.959 
1574452012403    -55.313     -1.951      1.994 
1574452014137    -67.953     -2.174      2.040 
1574452016687    -80.405     -3.022      2.037 
