1574452099294687742       37.871792100 -122.266083500 33.114000000
1574452100294687912       37.871746300 -122.266082500 32.020000000
1574452101294688077       37.871701200 -122.266076700 32.332000000
1574452102294688244       37.871656400 -122.266073400 32.212000000
1574452103294688417       37.871611200 -122.266083200 30.407000000
1574452104294688584       37.871566600 -122.266088300 30.387000000
1574452105294688751       37.871524900 -122.266107500 30.209000000
1574452106294688917       37.871492500 -122.266140100 30.276000000
1574452107294689082       37.871469900 -122.266183800 30.495000000
1574452108294689247       37.871455300 -122.266236500 30.660000000
1574452109294689414       37.871446300 -122.266300500 30.338000000
1574452110294689582       37.871438200 -122.266372700 29.798000000
1574452111294689747       37.871427200 -122.266449600 29.891000000
1574452112294689914       37.871414400 -122.266531300 29.825000000
1574452113294690080       37.871403300 -122.266614700 29.637000000
1574452114294690245       37.871393100 -122.266697500 29.802000000
1574452115294690411       37.871384500 -122.266781900 29.682000000
1574452116294690578       37.871374600 -122.266868500 29.538000000
1574452117294690744       37.871363200 -122.266956800 29.569000000
1574452118294690910       37.871351000 -122.267046800 29.357000000
1574452119294691076       37.871338900 -122.267136900 29.157000000
1574452120294691242       37.871328600 -122.267224700 29.222000000
1574452121294691409       37.871319500 -122.267308500 28.498000000
1574452122294691576       37.871310700 -122.267378700 28.218000000
1574452123294691742       37.871301900 -122.267430400 28.152000000
1574452124294691907       37.871294900 -122.267461500 28.448000000
1574452125294692074       37.871291600 -122.267479000 28.511000000
1574452126294692241       37.871290200 -122.267481700 28.568000000
1574452127294692408       37.871289200 -122.267480700 28.492000000
1574452128294692574       37.871288000 -122.267479700 28.649000000
1574452129294692741       37.871285900 -122.267478800 28.756000000
1574452130294692908       37.871284600 -122.267478400 28.740000000
1574452131294693076       37.871283500 -122.267478000 28.669000000
1574452132294693243       37.871282400 -122.267477200 28.668000000
1574452133294693410       37.871281500 -122.267476500 28.769000000
1574452134294693577       37.871280000 -122.267476100 28.708000000
1574452135294693744       37.871278800 -122.267475500 28.729000000
1574452136294693911       37.871277100 -122.267475100 28.705000000
1574452137294694078       37.871274900 -122.267475300 28.641000000
1574452138294694244       37.871273300 -122.267475400 28.721000000
1574452139294694411       37.871271600 -122.267475700 28.763000000
1574452140294694578       37.871269900 -122.267475800 28.712000000
1574452141294694745       37.871268800 -122.267475800 28.775000000
1574452142294694912       37.871268100 -122.267476300 28.676000000
1574452143294695079       37.871266900 -122.267477600 28.604000000
1574452144294695247       37.871265500 -122.267478800 28.349000000
1574452145294695415       37.871264700 -122.267479900 28.143000000
1574452146294695581       37.871263900 -122.267480600 28.229000000
1574452147294695749       37.871262800 -122.267481300 28.058000000
1574452148294695916       37.871262300 -122.267482100 27.948000000
1574452149294696083       37.871262000 -122.267483100 27.719000000
1574452150294696251       37.871261900 -122.267484400 27.317000000
1574452151294696419       37.871262200 -122.267485000 26.902000000
1574452152294696586       37.871263000 -122.267485400 26.794000000
1574452153294696753       37.871264400 -122.267485700 26.644000000
1574452154294696920       37.871265100 -122.267486200 26.539000000
1574452155294697087       37.871265300 -122.267486800 26.560000000
1574452156294697254       37.871265200 -122.267487800 26.488000000
1574452157294697421       37.871265500 -122.267488500 26.429000000
1574452158294697588       37.871266200 -122.267488800 26.362000000
1574452159294697755       37.871267300 -122.267488600 26.411000000
1574452160294697922       37.871268000 -122.267488700 26.450000000
1574452161294698089       37.871268800 -122.267488700 26.673000000
1574452162294698256       37.871269900 -122.267488500 26.628000000
1574452163294698423       37.871270900 -122.267488100 26.618000000
1574452164294698590       37.871271700 -122.267487900 26.624000000
1574452165294698757       37.871272800 -122.267487600 26.604000000
1574452166294698925       37.871273900 -122.267487700 26.533000000
1574452167294699092       37.871275000 -122.267488000 26.537000000
1574452168294699260       37.871275900 -122.267488500 26.513000000
1574452169294699427       37.871276100 -122.267489100 26.399000000
1574452170294699595       37.871276000 -122.267489300 26.452000000
1574452171294699762       37.871276400 -122.267489500 26.318000000
1574452172294699929       37.871277500 -122.267489700 26.334000000
1574452173294700097       37.871278400 -122.267490000 26.126000000
1574452174294700265       37.871279600 -122.267489700 26.157000000
1574452175294700432       37.871281000 -122.267489600 26.167000000
1574452176294700600       37.871282000 -122.267489900 25.935000000
1574452177294700767       37.871283100 -122.267489800 25.957000000
1574452178294700934       37.871283600 -122.267490200 26.192000000
1574452179294701101       37.871283800 -122.267490400 26.501000000
1574452180294701268       37.871284000 -122.267490200 26.634000000
1574452181294701436       37.871284400 -122.267490100 26.774000000
1574452182294701603       37.871285800 -122.267490200 26.909000000
1574452183294701770       37.871286900 -122.267490100 27.043000000
1574452184294701938       37.871287400 -122.267490300 26.960000000
1574452185294702106       37.871288000 -122.267490200 26.931000000
1574452186294702273       37.871288800 -122.267490400 27.047000000
1574452187294702440       37.871288800 -122.267497100 27.329000000
1574452188294702607       37.871286300 -122.267520300 27.576000000
1574452189294702775       37.871280100 -122.267558600 27.616000000
1574452190294702943       37.871272400 -122.267607400 27.640000000
1574452191294703111       37.871263900 -122.267666300 27.601000000
1574452192294703279       37.871256900 -122.267727700 27.857000000
1574452193294703447       37.871250800 -122.267789400 27.766000000
1574452194294703616       37.871241100 -122.267853900 27.283000000
1574452195294703783       37.871233700 -122.267917400 27.382000000
1574452196294703951       37.871225800 -122.267981900 27.030000000
1574452197294704119       37.871222700 -122.268043700 27.086000000
1574452198294704288       37.871224300 -122.268101700 26.693000000
1574452199294704456       37.871224600 -122.268155200 26.447000000
1574452200294704624       37.871219600 -122.268212000 26.239000000
1574452201294704792       37.871207400 -122.268270900 25.745000000
1574452202294704961       37.871191300 -122.268331200 25.301000000
1574452203294705128       37.871173800 -122.268391100 25.405000000
1574452204294705297       37.871157900 -122.268455100 24.906000000
1574452205294705465       37.871146400 -122.268521700 24.320000000
1574452206294705634       37.871137000 -122.268592900 23.694000000
1574452207294705802       37.871127600 -122.268669500 23.192000000
1574452208294705969       37.871115800 -122.268749500 22.979000000
1574452209294706138       37.871103300 -122.268831500 22.400000000
1574452210294706306       37.871092500 -122.268913900 21.919000000
1574452211294706474       37.871082200 -122.268996800 21.515000000
1574452212294706642       37.871073800 -122.269080900 21.117000000
1574452213294706807       37.871066500 -122.269164800 21.731000000
1574452214294706974       37.871057800 -122.269247200 21.467000000
1574452215294707142       37.871046000 -122.269329600 21.023000000
1574452216294707310       37.871032700 -122.269409700 20.731000000
1574452217294707477       37.871020600 -122.269488100 20.577000000
1574452218294707643       37.871011700 -122.269563400 20.848000000
1574452219294707809       37.871004500 -122.269628200 21.176000000
1574452220294707976       37.870994400 -122.269685100 21.377000000
1574452221294708143       37.870989900 -122.269734700 21.372000000
1574452222294708312       37.870984200 -122.269775500 21.332000000
1574452223294708481       37.870978500 -122.269814100 20.987000000
1574452224294708649       37.870970700 -122.269851700 21.000000000
1574452225294708816       37.870963200 -122.269895900 21.234000000
1574452226294708986       37.870954400 -122.269948800 20.786000000
1574452227294709154       37.870945400 -122.270009400 20.729000000
1574452228294709320       37.870937400 -122.270073900 20.923000000
1574452229294709491       37.870921900 -122.270138100 20.318000000
1574452230294709660       37.870908300 -122.270201800 20.224000000
1574452231294709828       37.870903300 -122.270264500 20.213000000
1574452232294709996       37.870900200 -122.270326200 20.034000000
1574452233294710169       37.870890400 -122.270378100 18.551000000
1574452234294710338       37.870889000 -122.270422500 18.133000000
1574452235294710508       37.870885900 -122.270455500 17.535000000
1574452236294710673       37.870890100 -122.270475700 18.499000000
1574452237294710840       37.870894200 -122.270482400 18.510000000
1574452238294711007       37.870897700 -122.270483000 18.737000000
1574452239294711173       37.870901000 -122.270485200 19.105000000
1574452240294711341       37.870903300 -122.270490100 19.116000000
1574452241294711508       37.870904500 -122.270497600 19.356000000
1574452242294711675       37.870904500 -122.270502300 19.376000000
1574452243294711842       37.870905500 -122.270504200 19.550000000
1574452244294712009       37.870906500 -122.270504600 19.812000000
1574452245294712176       37.870907800 -122.270505300 20.149000000
1574452246294712343       37.870908600 -122.270507000 20.396000000
1574452247294712512       37.870909700 -122.270514400 20.185000000
1574452248294712680       37.870911100 -122.270529100 20.336000000
1574452249294712846       37.870914800 -122.270549900 20.765000000
1574452250294713013       37.870925500 -122.270572400 21.194000000
1574452251294713178       37.870946100 -122.270593400 22.403000000
1574452252294713346       37.870976200 -122.270605200 22.336000000
1574452253294713512       37.871012100 -122.270613700 23.198000000
1574452254294713677       37.871052300 -122.270620400 24.412000000
1574452255294713845       37.871094600 -122.270622300 24.618000000
1574452256294714013       37.871138700 -122.270627500 24.529000000
1574452257294714181       37.871186700 -122.270634100 24.910000000
1574452258294714347       37.871236200 -122.270639800 25.952000000
1574452259294714512       37.871282100 -122.270646900 27.161000000
1574452260294714682       37.871326600 -122.270650200 26.884000000
1574452261294714847       37.871371700 -122.270659200 28.155000000
1574452262294715013       37.871424500 -122.270666900 29.048000000
1574452263294715180       37.871483600 -122.270672100 29.703000000
1574452264294715344       37.871545500 -122.270675300 31.368000000
1574452265294715510       37.871604300 -122.270682500 32.790000000
1574452266294715680       37.871657400 -122.270690600 32.463000000
1574452267294715851       37.871702200 -122.270696000 31.908000000
1574452268294716022       37.871737100 -122.270698000 31.330000000
1574452269294716192       37.871765700 -122.270687200 30.710000000
1574452270294716363       37.871788600 -122.270672400 29.810000000
1574452271294716532       37.871806500 -122.270651400 29.464000000
1574452272294716699       37.871820700 -122.270627800 29.878000000
1574452273294716869       37.871834200 -122.270594600 29.227000000
1574452274294717039       37.871846000 -122.270552200 28.708000000
1574452275294717209       37.871854500 -122.270498200 28.288000000
1574452276294717378       37.871863600 -122.270432500 28.006000000
1574452277294717547       37.871873600 -122.270355700 27.892000000
1574452278294717715       37.871884200 -122.270267100 27.588000000
1574452279294717884       37.871894600 -122.270167700 27.407000000
1574452280294718054       37.871906300 -122.270062800 27.067000000
1574452281294718222       37.871916300 -122.269956400 27.140000000
1574452282294718391       37.871923800 -122.269852700 26.917000000
1574452283294718559       37.871931700 -122.269753500 27.060000000
1574452284294718728       37.871942600 -122.269654500 26.797000000
1574452285294718897       37.871955900 -122.269555400 26.889000000
1574452286294719066       37.871968700 -122.269454700 26.810000000
1574452287294719236       37.871980300 -122.269350900 26.299000000
1574452288294719406       37.871992100 -122.269244500 25.640000000
1574452289294719575       37.872005300 -122.269137600 25.475000000
1574452290294719745       37.872018900 -122.269034200 25.254000000
1574452291294719914       37.872030600 -122.268936400 25.108000000
1574452292294720083       37.872038100 -122.268847100 25.118000000
1574452293294720252       37.872042700 -122.268770500 25.119000000
1574452294294720422       37.872045800 -122.268708800 24.883000000
1574452295294720589       37.872048000 -122.268664000 25.289000000
1574452296294720758       37.872048800 -122.268637100 25.227000000
1574452297294720928       37.872048100 -122.268626200 25.052000000
1574452298294721097       37.872047500 -122.268624400 24.952000000
1574452299294721266       37.872047900 -122.268624000 24.712000000
1574452300294721435       37.872048700 -122.268624400 24.579000000
1574452301294721604       37.872049300 -122.268624700 24.442000000
1574452302294721774       37.872049500 -122.268624800 24.229000000
1574452304294722112       37.872050000 -122.268624200 24.004000000
1574452305294722281       37.872050400 -122.268623800 23.819000000
1574452306294722450       37.872051600 -122.268623300 23.723000000
1574452307294722620       37.872052400 -122.268623300 23.476000000
1574452308294722789       37.872053000 -122.268623300 23.397000000
1574452309294722958       37.872053600 -122.268622500 23.286000000
1574452310294723127       37.872054300 -122.268622000 23.229000000
1574452311294723296       37.872054900 -122.268621700 23.156000000
1574452312294723465       37.872054800 -122.268621800 23.165000000
1574452313294723634       37.872055500 -122.268621900 23.336000000
1574452314294723803       37.872056600 -122.268621600 23.372000000
1574452315294723972       37.872057400 -122.268621600 23.424000000
1574452316294724141       37.872057400 -122.268621500 23.414000000
1574452317294724310       37.872057500 -122.268621300 23.433000000
1574452318294724479       37.872057700 -122.268621200 23.455000000
1574452319294724648       37.872057700 -122.268621000 23.550000000
1574452320294724818       37.872057500 -122.268620900 23.672000000
1574452321294724987       37.872056900 -122.268620800 23.749000000
1574452322294725156       37.872056200 -122.268620500 23.805000000
1574452323294725325       37.872055600 -122.268620500 23.938000000
1574452324294725495       37.872055400 -122.268620200 24.062000000
1574452325294725664       37.872055400 -122.268619300 23.992000000
1574452326294725833       37.872055400 -122.268617100 24.204000000
1574452327294726003       37.872055200 -122.268611800 24.134000000
1574452328294726172       37.872055500 -122.268605500 24.152000000
1574452329294726341       37.872055600 -122.268601500 24.249000000
1574452330294726511       37.872055500 -122.268600000 24.233000000
1574452331294726680       37.872055400 -122.268599500 24.077000000
1574452332294726850       37.872054900 -122.268599200 23.898000000
1574452333294727020       37.872053800 -122.268599300 23.833000000
1574452334294727190       37.872052800 -122.268599000 23.692000000
1574452335294727360       37.872052200 -122.268598600 23.691000000
1574452336294727529       37.872051600 -122.268598300 23.583000000
1574452337294727699       37.872051200 -122.268598100 23.450000000
1574452338294727868       37.872050500 -122.268598600 23.571000000
1574452339294728038       37.872050000 -122.268598900 23.380000000
1574452340294728208       37.872049700 -122.268599100 23.195000000
1574452341294728378       37.872050100 -122.268596300 23.086000000
1574452342294728547       37.872051800 -122.268583700 23.058000000
1574452343294728717       37.872054700 -122.268558400 23.069000000
1574452344294728885       37.872057000 -122.268522700 23.347000000
1574452345294729056       37.872047900 -122.268482300 23.143000000
1574452346294729226       37.872020300 -122.268446500 22.745000000
1574452347294729397       37.871978700 -122.268421200 22.513000000
1574452348294729566       37.871925700 -122.268402700 22.442000000
1574452349294729736       37.871863200 -122.268388100 22.382000000
1574452350294729905       37.871792600 -122.268374500 22.600000000
1574452351294730076       37.871716200 -122.268360700 21.955000000
1574452352294730245       37.871641000 -122.268350100 22.000000000
1574452353294730414       37.871567500 -122.268341000 22.120000000
1574452354294730584       37.871493000 -122.268328600 22.167000000
1574452355294730753       37.871419200 -122.268315000 22.084000000
1574452356294730923       37.871347700 -122.268303300 22.016000000
1574452357294731092       37.871277700 -122.268293500 21.996000000
1574452358294731261       37.871208100 -122.268284700 22.279000000
1574452359294731431       37.871139300 -122.268277900 21.885000000
1574452360294731603       37.871072700 -122.268271600 21.079000000
1574452361294731772       37.871008200 -122.268265200 21.194000000
1574452362294731941       37.870949600 -122.268258800 21.337000000
1574452363294732110       37.870899100 -122.268255500 21.562000000
1574452364294732280       37.870855800 -122.268252800 21.584000000
1574452365294732449       37.870819600 -122.268248800 21.644000000
1574452366294732619       37.870790400 -122.268244400 21.623000000
1574452367294732788       37.870766300 -122.268240200 21.919000000
1574452368294732958       37.870747700 -122.268236200 21.907000000
1574452369294733127       37.870737400 -122.268234300 22.216000000
1574452370294733296       37.870734400 -122.268234100 22.478000000
1574452371294733466       37.870733900 -122.268233500 22.407000000
1574452372294733636       37.870734000 -122.268232400 22.467000000
1574452373294733806       37.870734000 -122.268231600 22.280000000
1574452374294733976       37.870734000 -122.268230500 22.051000000
1574452375294734146       37.870734200 -122.268229500 22.040000000
1574452376294734316       37.870734500 -122.268228700 22.042000000
1574452377294734485       37.870734500 -122.268228000 22.004000000
1574452378294734655       37.870734200 -122.268227200 22.029000000
1574452379294734825       37.870734000 -122.268226400 22.188000000
1574452380294734994       37.870733900 -122.268225500 22.281000000
1574452381294735164       37.870733900 -122.268224700 22.385000000
1574452382294735334       37.870734000 -122.268223600 22.424000000
1574452383294735503       37.870734400 -122.268222600 22.563000000
1574452384294735673       37.870735100 -122.268221800 22.741000000
1574452385294735843       37.870735600 -122.268220800 22.719000000
1574452386294736012       37.870736200 -122.268219800 22.982000000
1574452387294736182       37.870736000 -122.268218800 23.204000000
1574452388294736351       37.870731100 -122.268217200 23.456000000
1574452389294736521       37.870716900 -122.268214100 23.735000000
1574452390294736691       37.870692200 -122.268210500 23.774000000
1574452391294736861       37.870659300 -122.268206200 23.801000000
1574452392294737031       37.870625700 -122.268199700 23.683000000
1574452393294737201       37.870592100 -122.268195200 23.761000000
1574452394294737371       37.870554300 -122.268188100 23.852000000
1574452395294737542       37.870514300 -122.268178300 23.579000000
1574452396294737713       37.870476100 -122.268167200 23.486000000
1574452397294737881       37.870445400 -122.268157300 24.285000000
1574452398294738050       37.870423500 -122.268149800 24.518000000
1574452399294738221       37.870405900 -122.268145500 24.422000000
1574452400294738391       37.870386900 -122.268148300 24.312000000
1574452401294738564       37.870368300 -122.268157700 23.649000000
1574452402294738737       37.870354100 -122.268169800 22.686000000
1574452403294738907       37.870346100 -122.268178700 22.497000000
1574452404294739078       37.870342500 -122.268186700 22.138000000
1574452405294739248       37.870340900 -122.268190000 22.485000000
1574452406294739415       37.870342900 -122.268186200 23.338000000
1574452407294739583       37.870343900 -122.268182700 24.043000000
1574452408294739751       37.870344800 -122.268178700 24.737000000
1574452409294739919       37.870345600 -122.268174900 25.338000000
1574452410294740087       37.870346200 -122.268171800 25.815000000
1574452411294740256       37.870347500 -122.268168700 26.186000000
1574452412294740424       37.870349000 -122.268165100 26.558000000
1574452413294740592       37.870348200 -122.268164500 26.795000000
1574452414294740763       37.870345100 -122.268170900 26.420000000
1574452415294740934       37.870343300 -122.268173800 26.138000000
1574452416294741104       37.870341700 -122.268173800 26.229000000
1574452417294741274       37.870341400 -122.268173900 26.287000000
1574452418294741442       37.870342400 -122.268171000 26.634000000
1574452419294741611       37.870342900 -122.268169000 26.881000000
1574452420294741778       37.870343600 -122.268162500 27.881000000
1574452421294741946       37.870344300 -122.268159100 28.412000000
1574452422294742115       37.870344900 -122.268156800 28.887000000
1574452423294742283       37.870345900 -122.268154600 29.150000000
1574452424294742452       37.870347000 -122.268151900 29.324000000
1574452425294742620       37.870348200 -122.268146800 29.833000000
1574452426294742788       37.870350000 -122.268140900 30.444000000
1574452427294742956       37.870347500 -122.268141300 30.747000000
1574452428294743128       37.870338500 -122.268156200 29.980000000
1574452429294743299       37.870325800 -122.268178900 29.913000000
1574452430294743469       37.870313700 -122.268210900 29.662000000
1574452431294743640       37.870302000 -122.268252800 29.095000000
1574452432294743811       37.870293800 -122.268305700 28.834000000
1574452433294743983       37.870285500 -122.268370700 28.043000000
1574452434294744155       37.870280600 -122.268443900 27.425000000
1574452435294744327       37.870277800 -122.268525900 26.846000000
1574452436294744499       37.870273600 -122.268606000 26.167000000
1574452437294744667       37.870254800 -122.268683100 27.480000000
1574452438294744826       37.870197000 -122.268757400 33.030000000
1574452439294744980       37.870111500 -122.268826800 40.600000000
1574452440294745145       37.870071900 -122.268900200 43.002000000
1574452441294745304       37.870020800 -122.268970800 47.236000000
1574452442294745457       37.869961200 -122.269016000 53.112000000
1574452443294745607       37.869936000 -122.269067900 58.631000000
1574452444294745777       37.869949000 -122.269155800 57.080000000
1574452445294745951       37.869963000 -122.269254700 54.871000000
1574452446294746123       37.869975200 -122.269344600 53.529000000
1574452447294746301       37.869996400 -122.269428300 49.834000000
1574452448294746463       37.869985400 -122.269491900 51.821000000
1574452449294746632       37.869965500 -122.269561300 52.074000000
1574452450294746810       37.869962100 -122.269669000 49.565000000
1574452451294746982       37.869952800 -122.269754300 48.743000000
1574452452294747154       37.869955900 -122.269838500 47.508000000
1574452453294747335       37.869945000 -122.269939000 43.575000000
1574452454294747504       37.869938100 -122.270029200 43.517000000
1574452455294747675       37.869927200 -122.270106200 43.799000000
1574452456294747847       37.869911800 -122.270184000 43.550000000
1574452457294748026       37.869909800 -122.270262600 41.252000000
1574452458294748202       37.869923800 -122.270327700 38.931000000
1574452459294748381       37.869946900 -122.270389600 35.831000000
1574452460294748561       37.869973300 -122.270438000 32.748000000
1574452461294748734       37.869991200 -122.270468500 31.657000000
1574452462294748906       37.869998800 -122.270478300 31.312000000
1574452463294749076       37.870002700 -122.270480400 31.521000000
1574452464294749245       37.870005500 -122.270480400 32.047000000
1574452465294749414       37.870007700 -122.270486200 32.540000000
1574452466294749584       37.870021200 -122.270501200 32.593000000
1574452467294749753       37.870047500 -122.270513300 32.993000000
1574452468294749921       37.870087600 -122.270526500 33.470000000
1574452469294750084       37.870136600 -122.270544300 35.835000000
1574452470294750253       37.870207400 -122.270557800 36.485000000
1574452471294750422       37.870286500 -122.270569300 36.894000000
1574452472294750594       37.870364700 -122.270574900 36.405000000
1574452473294750764       37.870445200 -122.270585700 36.521000000
1574452474294750939       37.870518000 -122.270592900 34.960000000
1574452475294751114       37.870580400 -122.270601000 33.868000000
1574452476294751285       37.870639500 -122.270609600 33.658000000
1574452477294751456       37.870687200 -122.270615900 33.184000000
1574452478294751628       37.870721300 -122.270620800 32.730000000
1574452479294751801       37.870741200 -122.270623600 31.701000000
1574452480294751972       37.870751000 -122.270626100 31.172000000
1574452481294752143       37.870764900 -122.270628400 30.956000000
1574452482294752316       37.870795500 -122.270626900 29.869000000
1574452483294752486       37.870836600 -122.270630000 30.103000000
1574452484294752655       37.870886200 -122.270633800 30.272000000
1574452485294752828       37.870940900 -122.270634000 29.510000000
1574452486294752997       37.871001000 -122.270637100 29.660000000
1574452487294753167       37.871056600 -122.270638600 29.768000000
1574452488294753338       37.871110600 -122.270641200 29.547000000
1574452489294753507       37.871160600 -122.270642900 29.974000000
1574452490294753678       37.871199600 -122.270642200 30.149000000
1574452491294753845       37.871224100 -122.270644200 31.688000000
1574452492294754011       37.871236600 -122.270647200 33.215000000
1574452493294754179       37.871242300 -122.270648400 34.183000000
1574452494294754350       37.871250100 -122.270647100 34.188000000
1574452495294754519       37.871264100 -122.270641800 34.739000000
1574452496294754689       37.871280200 -122.270632200 35.361000000
1574452497294754857       37.871295100 -122.270618500 36.263000000
1574452498294755030       37.871307400 -122.270602800 35.560000000
1574452499294755202       37.871317200 -122.270584600 35.461000000
1574452500294755375       37.871328100 -122.270569600 34.351000000
1574452501294755547       37.871338000 -122.270560100 33.687000000
1574452502294755722       37.871344700 -122.270557700 32.305000000
1574452503294755893       37.871345200 -122.270558800 32.461000000
