1574452102877      2.505      0.884      3.012 
1574452104917     12.644      0.327      2.133 
1574452107263     20.747     -5.863      2.038 
1574452109303     23.610    -15.613      2.111 
1574452110935     24.931    -25.691      2.088 
1574452112363     26.464    -35.611      2.095 
1574452113791     28.112    -45.892      2.107 
1574452115219     29.436    -56.509      2.081 
1574452116545     30.741    -66.709      2.043 
1574452117870     32.159    -77.062      2.041 
1574452119197     33.676    -87.691      2.042 
1574452120522     35.130    -98.271      2.046 
1574452121848     36.481   -108.360      2.056 
1574452123582     37.892   -118.498      2.133 
1574452123684     37.952   -118.929      2.283 
1574452189474     39.519   -129.121      2.038 
1574452191616     41.246   -138.988      1.988 
1574452193452     42.989   -149.317      1.935 
1574452195288     44.755   -159.758      1.941 
1574452197022     46.044   -169.782      1.885 
1574452199062     45.845   -180.244      1.995 
1574452201102     46.115   -190.398      2.075 
1574452202938     49.376   -200.258      2.036 
1574452204774     52.513   -210.381      2.058 
1574452206508     54.607   -220.823      2.059 
1574452208038     55.947   -231.128      1.982 
1574452209466     57.294   -241.697      1.963 
1574452210792     58.533   -251.773      1.975 
1574452212118     59.602   -261.807      2.006 
1574452213546     60.491   -272.351      1.942 
1574452214974     61.598   -282.770      2.009 
1574452216402     63.440   -293.197      2.016 
1574452217830     65.587   -303.344      2.036 
1574452219360     67.284   -313.531      2.029 
1574452221298     68.865   -323.649      2.079 
1574452224154     70.056   -333.611      2.068 
1574452226602     71.373   -343.681      2.050 
1574452228540     73.102   -353.871      2.033 
1574452230376     74.498   -364.356      2.049 
1574452232212     75.156   -374.663      2.052 
1574452234354     75.325   -384.761      2.027 
1574452248532     75.436   -394.867      1.973 
1574452252917     67.686   -401.524      1.948 
1574452255263     57.357   -402.422      2.059 
1574452257303     47.233   -403.181      2.033 
1574452259139     37.013   -403.976      2.040 
1574452261179     26.758   -404.893      2.059 
1574452263015     16.400   -406.966      2.051 
1574452264545      6.041   -407.448      2.082 
1574452266075     -4.334   -406.724      2.084 
1574452267911    -14.332   -406.146      2.050 
1574452271175    -23.740   -402.509      2.005 
1574452274643    -28.159   -393.423      2.018 
1574452276683    -29.956   -383.143      2.038 
1574452278213    -31.496   -372.552      2.007 
1574452279437    -32.880   -362.455      2.011 
1574452280559    -34.133   -352.195      1.985 
1574452281681    -35.154   -341.710      2.017 
1574452282803    -35.988   -331.427      2.011 
1574452284027    -36.808   -320.694      1.949 
1574452285251    -38.038   -310.160      1.993 
1574452286373    -39.435   -300.190      1.985 
1574452287495    -40.784   -289.972      1.989 
1574452288617    -42.112   -279.531      2.017 
1574452289739    -43.604   -268.923      1.971 
1574452290861    -45.193   -258.614      1.964 
1574452292085    -46.651   -247.997      1.925 
1574452293411    -47.495   -237.873      1.909 
1574452295247    -48.011   -227.848      1.835 
1574452343595    -48.859   -217.786      1.773 
1574452346655    -45.346   -208.327      1.933 
1574452348593    -35.376   -204.950      1.969 
1574452350123    -24.665   -203.271      1.934 
1574452351347    -14.601   -201.947      1.938 
1574452352571     -3.976   -200.705      1.973 
1574452353795      6.543   -199.653      1.978 
1574452355019     17.005   -198.503      1.891 
1574452356243     27.196   -197.346      1.880 
1574452357569     37.589   -196.370      1.955 
1574452358895     47.919   -195.588      2.052 
1574452360221     58.083   -194.920      1.990 
1574452361649     68.483   -194.355      1.957 
1574452363179     78.559   -193.777      1.965 
1574452365219     88.667   -193.314      1.954 
1574452368585     98.651   -192.534      2.000 
1574452391738    109.007   -191.983      1.960 
1574452394288    119.103   -190.773      1.928 
1574452396532    129.390   -188.961      1.948 
1574452400204    139.303   -186.830      2.010 
1574452428968    147.314   -192.907      1.977 
1574452432232    150.273   -202.791      2.081 
1574452434170    151.948   -213.144      2.079 
1574452435700    153.398   -223.383      2.063 
1574452437230    154.647   -233.836      2.027 
1574452438760    155.675   -244.042      1.991 
1574452440290    156.711   -254.498      1.991 
1574452441718    158.108   -265.028      1.972 
1574452443146    159.781   -275.665      2.064 
1574452444472    161.404   -285.787      2.049 
1574452445798    162.926   -295.909      2.090 
1574452447124    164.319   -305.873      2.029 
1574452448450    165.596   -315.796      2.055 
1574452449878    166.841   -326.354      2.014 
1574452451306    167.998   -336.694      2.034 
1574452452734    169.261   -346.679      2.037 
1574452454264    170.720   -357.207      2.011 
1574452455794    172.140   -367.610      1.996 
1574452457426    173.398   -377.718      2.020 
1574452459670    173.856   -387.795      2.007 
1574452467218    168.548   -396.385      1.932 
1574452469462    158.085   -397.973      1.958 
1574452470890    147.538   -398.789      1.960 
1574452472114    137.098   -399.572      1.996 
1574452473338    126.757   -400.193      2.004 
1574452473440    125.961   -400.241      2.021 
1574452474766    115.597   -400.908      2.026 
1574452476194    105.565   -401.585      2.027 
1574452478132     95.428   -402.028      2.008 
1574452483130     85.382   -402.267      2.034 
1574452485068     75.026   -402.398      2.045 
1574452486700     64.736   -402.599      2.008 
1574452488434     54.473   -403.106      1.966 
1574452490372     44.398   -403.410      2.002 
1574452496288     34.456   -401.918      1.979 
1574452501694     27.451   -394.757      1.961 
