1574452571294767540       37.870357800 -122.270591200 23.773000000
1574452572294767712       37.870316800 -122.270592400 23.471000000
1574452573294767883       37.870271300 -122.270590200 23.474000000
1574452574294768055       37.870226500 -122.270582500 23.398000000
1574452575294768232       37.870184700 -122.270573000 21.070000000
1574452576294768404       37.870156900 -122.270568300 20.921000000
1574452577294768576       37.870142200 -122.270563400 20.572000000
1574452578294768749       37.870137500 -122.270560600 20.298000000
1574452579294768920       37.870137800 -122.270558000 20.023000000
1574452580294769091       37.870137500 -122.270556600 20.143000000
1574452581294769262       37.870137500 -122.270554000 20.148000000
1574452582294769434       37.870137300 -122.270551800 20.071000000
1574452583294769605       37.870137100 -122.270549300 19.922000000
1574452584294769776       37.870137000 -122.270547400 19.941000000
1574452585294769947       37.870136500 -122.270546000 20.072000000
1574452586294770118       37.870136200 -122.270544100 19.895000000
1574452587294770289       37.870135400 -122.270542600 20.125000000
1574452588294770460       37.870134700 -122.270541300 20.298000000
1574452589294770630       37.870134400 -122.270540700 20.493000000
1574452590294770800       37.870134000 -122.270539600 20.931000000
1574452591294770971       37.870134000 -122.270538800 21.165000000
1574452592294771140       37.870134000 -122.270539300 21.923000000
1574452593294771310       37.870133700 -122.270539600 22.595000000
1574452594294771480       37.870133700 -122.270539800 22.903000000
1574452595294771651       37.870133800 -122.270539500 23.136000000
1574452596294771822       37.870133000 -122.270540200 23.488000000
1574452597294771993       37.870132400 -122.270541500 23.939000000
1574452598294772163       37.870132000 -122.270542800 24.405000000
1574452599294772333       37.870131900 -122.270543600 24.730000000
1574452600294772504       37.870132100 -122.270544900 25.177000000
1574452601294772674       37.870131900 -122.270546200 25.631000000
1574452602294772845       37.870131500 -122.270547900 25.908000000
1574452603294773016       37.870129800 -122.270550000 26.341000000
1574452604294773188       37.870120600 -122.270550400 26.314000000
1574452605294773362       37.870099000 -122.270549800 25.408000000
1574452606294773534       37.870061700 -122.270552900 25.343000000
1574452607294773709       37.870019800 -122.270557300 24.843000000
1574452608294773879       37.869973200 -122.270563100 25.570000000
1574452609294774051       37.869920000 -122.270568500 25.846000000
1574452610294774223       37.869866900 -122.270566200 25.795000000
1574452611294774395       37.869809300 -122.270562700 25.703000000
1574452612294774569       37.869749500 -122.270555600 24.959000000
1574452613294774743       37.869685300 -122.270546500 24.388000000
1574452614294774914       37.869623200 -122.270537600 24.575000000
1574452615294775083       37.869568000 -122.270530700 25.690000000
1574452616294775256       37.869521400 -122.270523700 25.528000000
1574452617294775427       37.869486000 -122.270516800 25.686000000
1574452618294775597       37.869456400 -122.270512900 26.426000000
1574452619294775771       37.869429700 -122.270509600 25.843000000
1574452620294775942       37.869409700 -122.270507300 25.951000000
1574452621294776116       37.869394900 -122.270506700 25.485000000
1574452622294776288       37.869384000 -122.270506900 25.602000000
1574452623294776460       37.869378400 -122.270505700 25.619000000
1574452624294776630       37.869375700 -122.270508100 26.203000000
1574452625294776799       37.869375000 -122.270509900 27.005000000
1574452626294776968       37.869374500 -122.270511700 27.936000000
1574452627294777138       37.869374300 -122.270514100 28.712000000
1574452628294777307       37.869373800 -122.270517100 29.556000000
1574452629294777477       37.869373600 -122.270520100 30.227000000
1574452630294777647       37.869374200 -122.270521600 30.910000000
1574452631294777818       37.869374200 -122.270523100 31.388000000
1574452632294777988       37.869374200 -122.270524800 31.778000000
1574452633294778159       37.869374300 -122.270527000 32.145000000
1574452634294778330       37.869374500 -122.270528800 32.350000000
1574452635294778501       37.869374300 -122.270530700 32.680000000
1574452636294778673       37.869373700 -122.270533200 33.078000000
1574452637294778844       37.869373100 -122.270536300 33.298000000
1574452638294779016       37.869372700 -122.270538400 33.513000000
1574452639294779188       37.869372700 -122.270540200 33.492000000
1574452640294779360       37.869372700 -122.270541300 33.600000000
1574452641294779531       37.869372500 -122.270543100 33.969000000
1574452642294779701       37.869372200 -122.270544100 34.432000000
1574452643294779874       37.869367600 -122.270544400 34.174000000
1574452644294780047       37.869356200 -122.270542900 33.884000000
1574452645294780220       37.869341300 -122.270540000 33.809000000
1574452646294780392       37.869322500 -122.270536400 33.841000000
1574452647294780565       37.869296400 -122.270530600 33.620000000
1574452648294780738       37.869264300 -122.270524500 33.354000000
1574452649294780910       37.869231500 -122.270519900 33.600000000
1574452650294781083       37.869205300 -122.270516700 33.518000000
1574452651294781257       37.869188100 -122.270514500 33.208000000
1574452652294781431       37.869181200 -122.270513700 32.577000000
1574452653294781605       37.869180900 -122.270512400 32.235000000
1574452654294781779       37.869180100 -122.270511700 31.686000000
1574452655294781953       37.869179500 -122.270511000 30.972000000
1574452656294782127       37.869178700 -122.270510700 30.549000000
1574452657294782300       37.869173700 -122.270509100 30.148000000
1574452658294782473       37.869159000 -122.270504000 29.903000000
1574452659294782646       37.869136000 -122.270489500 29.474000000
1574452660294782821       37.869110100 -122.270461500 28.573000000
1574452661294782993       37.869086000 -122.270423200 29.053000000
1574452662294783164       37.869070400 -122.270374100 29.341000000
1574452663294783338       37.869066300 -122.270316300 28.979000000
1574452664294783512       37.869069500 -122.270253300 28.650000000
1574452665294783685       37.869075200 -122.270189600 28.869000000
1574452666294783860       37.869083700 -122.270123800 28.141000000
1574452667294784034       37.869091200 -122.270061300 27.585000000
1574452668294784209       37.869100000 -122.269999800 27.049000000
1574452669294784382       37.869109400 -122.269939100 27.206000000
1574452670294784558       37.869121400 -122.269875500 26.180000000
1574452671294784729       37.869131900 -122.269815800 26.574000000
1574452672294784902       37.869141200 -122.269753600 26.785000000
1574452673294785076       37.869150900 -122.269689800 26.440000000
1574452674294785249       37.869159400 -122.269628200 26.528000000
1574452675294785421       37.869167400 -122.269566900 26.644000000
1574452676294785597       37.869174000 -122.269504100 25.893000000
1574452677294785771       37.869180400 -122.269438800 25.452000000
1574452678294785944       37.869188600 -122.269370300 25.701000000
1574452679294786118       37.869199300 -122.269297100 25.372000000
1574452680294786292       37.869210600 -122.269222500 25.516000000
1574452681294786466       37.869220100 -122.269144900 25.274000000
1574452682294786640       37.869227900 -122.269067300 25.253000000
1574452683294786814       37.869234100 -122.268994000 25.538000000
1574452684294786987       37.869239200 -122.268923100 25.639000000
1574452685294787164       37.869247400 -122.268851700 24.644000000
1574452686294787336       37.869257900 -122.268782100 25.152000000
1574452687294787509       37.869268000 -122.268710400 25.543000000
1574452688294787684       37.869276800 -122.268639400 25.123000000
1574452689294787856       37.869285200 -122.268570600 25.286000000
1574452690294788030       37.869293100 -122.268507300 25.135000000
1574452691294788205       37.869296000 -122.268453500 24.477000000
1574452692294788380       37.869300300 -122.268414000 23.417000000
1574452693294788555       37.869303600 -122.268388300 22.797000000
1574452694294788730       37.869304600 -122.268376400 22.135000000
1574452695294788903       37.869305100 -122.268374800 21.811000000
1574452696294789077       37.869305100 -122.268374800 21.611000000
1574452697294789250       37.869304400 -122.268374800 21.410000000
1574452698294789423       37.869304700 -122.268374700 21.300000000
1574452699294789595       37.869307100 -122.268375200 21.231000000
1574452700294789768       37.869309000 -122.268376100 21.246000000
1574452701294789940       37.869310300 -122.268377200 21.238000000
1574452702294790113       37.869311100 -122.268378200 21.225000000
1574452703294790285       37.869312600 -122.268379100 21.251000000
1574452704294790458       37.869313900 -122.268379800 21.167000000
1574452705294790633       37.869314300 -122.268376300 20.671000000
1574452706294790806       37.869316600 -122.268358100 20.662000000
1574452707294790979       37.869320600 -122.268324000 20.812000000
1574452708294791150       37.869326400 -122.268282600 21.528000000
1574452709294791323       37.869327200 -122.268242500 21.790000000
1574452710294791497       37.869330400 -122.268212900 21.732000000
1574452711294791670       37.869330000 -122.268194100 21.720000000
1574452712294791843       37.869329600 -122.268182800 21.631000000
1574452713294792016       37.869328500 -122.268167100 21.590000000
1574452714294792190       37.869323700 -122.268142700 21.487000000
1574452715294792363       37.869312900 -122.268112800 21.786000000
1574452716294792536       37.869291200 -122.268082300 21.684000000
1574452717294792709       37.869257800 -122.268059600 21.726000000
1574452718294792884       37.869213500 -122.268047600 21.362000000
1574452719294793058       37.869162300 -122.268040100 21.180000000
1574452720294793231       37.869105100 -122.268031900 21.102000000
1574452721294793404       37.869045300 -122.268022500 21.260000000
1574452722294793578       37.868983900 -122.268013200 20.991000000
1574452723294793751       37.868922000 -122.268000000 21.235000000
1574452724294793924       37.868861200 -122.267990900 21.314000000
1574452725294794098       37.868802900 -122.267984600 21.468000000
1574452726294794270       37.868746900 -122.267976900 22.073000000
1574452727294794443       37.868690200 -122.267967200 22.409000000
1574452728294794617       37.868637000 -122.267960300 22.076000000
1574452729294794792       37.868592000 -122.267957100 21.784000000
1574452730294794964       37.868551900 -122.267960700 22.241000000
1574452731294795137       37.868516700 -122.267981700 22.200000000
1574452732294795310       37.868489700 -122.268020100 22.102000000
1574452733294795483       37.868472800 -122.268072200 21.939000000
1574452734294795657       37.868462200 -122.268136400 21.590000000
1574452735294795832       37.868452500 -122.268207400 20.697000000
1574452736294796006       37.868443000 -122.268282200 20.336000000
1574452737294796180       37.868432200 -122.268364500 20.310000000
1574452738294796353       37.868421300 -122.268447700 20.385000000
1574452739294796525       37.868408700 -122.268527100 20.750000000
1574452740294796698       37.868392300 -122.268603000 20.862000000
1574452741294796870       37.868381200 -122.268674800 20.967000000
1574452742294797043       37.868374700 -122.268740600 20.758000000
1574452743294797217       37.868371300 -122.268793700 20.737000000
1574452744294797390       37.868369100 -122.268843500 20.619000000
1574452745294797566       37.868364100 -122.268899800 19.964000000
1574452746294797741       37.868361200 -122.268950100 19.698000000
1574452747294797912       37.868358400 -122.268979800 20.205000000
1574452748294798087       37.868356500 -122.268997900 19.747000000
1574452749294798262       37.868354400 -122.269015300 19.593000000
1574452750294798436       37.868349800 -122.269047200 19.293000000
1574452751294798609       37.868341100 -122.269093800 19.382000000
1574452752294798783       37.868329900 -122.269148400 19.216000000
1574452753294798956       37.868319100 -122.269208100 19.117000000
1574452755294799303       37.868300900 -122.269342400 18.851000000
1574452756294799476       37.868290800 -122.269416100 18.803000000
1574452757294799648       37.868280400 -122.269493300 18.721000000
1574452758294799820       37.868270200 -122.269572000 18.905000000
1574452759294799992       37.868258400 -122.269652000 18.882000000
1574452760294800165       37.868245500 -122.269732600 18.732000000
1574452761294800338       37.868235000 -122.269811900 18.634000000
1574452762294800512       37.868226800 -122.269885400 18.262000000
1574452763294800685       37.868220300 -122.269949600 18.059000000
1574452764294800858       37.868213400 -122.270003500 18.018000000
1574452765294801032       37.868207500 -122.270045200 17.719000000
1574452766294801206       37.868202600 -122.270074800 17.515000000
1574452767294801380       37.868199600 -122.270093000 17.197000000
1574452768294801555       37.868198500 -122.270100200 16.887000000
1574452769294801728       37.868198500 -122.270101100 17.043000000
1574452770294801902       37.868198500 -122.270101600 17.088000000
1574452771294802075       37.868198800 -122.270101800 17.254000000
1574452772294802248       37.868199400 -122.270102500 17.443000000
1574452773294802422       37.868199600 -122.270104300 17.619000000
1574452774294802595       37.868198700 -122.270114100 17.640000000
1574452775294802770       37.868195700 -122.270135400 17.450000000
1574452776294802943       37.868192200 -122.270163300 17.418000000
1574452777294803117       37.868189700 -122.270189100 17.382000000
1574452778294803291       37.868188900 -122.270205900 17.255000000
1574452779294803464       37.868189400 -122.270221000 17.364000000
1574452780294803637       37.868193400 -122.270245800 17.871000000
1574452781294803809       37.868207100 -122.270279800 18.588000000
1574452782294803982       37.868235000 -122.270312700 18.826000000
1574452783294804155       37.868275000 -122.270335200 19.354000000
1574452784294804329       37.868323400 -122.270347300 19.356000000
1574452785294804502       37.868378100 -122.270355200 19.800000000
1574452786294804675       37.868438000 -122.270365100 20.506000000
1574452787294804849       37.868501400 -122.270374800 20.673000000
1574452788294805022       37.868565700 -122.270382400 21.134000000
1574452789294805196       37.868631300 -122.270389700 21.295000000
1574452790294805369       37.868698600 -122.270398000 21.509000000
1574452791294805544       37.868768000 -122.270406300 21.467000000
1574452792294805718       37.868839300 -122.270414100 21.548000000
1574452793294805892       37.868909000 -122.270421600 21.561000000
1574452794294806066       37.868975800 -122.270429300 21.622000000
1574452795294806241       37.869040200 -122.270437100 21.643000000
1574452796294806415       37.869102000 -122.270444300 21.658000000
1574452797294806587       37.869163600 -122.270454000 22.465000000
1574452798294806761       37.869228100 -122.270464300 22.581000000
1574452799294806934       37.869292600 -122.270473300 22.857000000
1574452800294807108       37.869354000 -122.270479500 22.775000000
1574452801294807282       37.869405700 -122.270485700 23.269000000
1574452802294807459       37.869451300 -122.270488800 22.289000000
1574452803294807634       37.869480500 -122.270493500 22.233000000
1574452804294807811       37.869493700 -122.270493000 21.367000000
1574452805294807981       37.869496600 -122.270496000 23.207000000
1574452806294808150       37.869498400 -122.270498800 25.221000000
1574452807294808324       37.869503900 -122.270499600 25.362000000
1574452808294808498       37.869521500 -122.270502200 25.513000000
1574452809294808672       37.869553500 -122.270507500 25.458000000
1574452810294808844       37.869595200 -122.270515200 26.212000000
1574452811294809019       37.869648500 -122.270520200 25.845000000
1574452812294809191       37.869705500 -122.270525600 26.537000000
1574452813294809367       37.869757400 -122.270529300 25.790000000
1574452814294809543       37.869802200 -122.270533500 24.988000000
1574452815294809718       37.869839400 -122.270536400 24.454000000
1574452816294809895       37.869870500 -122.270535100 23.288000000
1574452817294810072       37.869890900 -122.270533200 22.387000000
1574452818294810245       37.869905500 -122.270531100 22.655000000
1574452819294810418       37.869918000 -122.270526400 23.385000000
1574452820294810592       37.869930100 -122.270517600 23.439000000
1574452821294810768       37.869940800 -122.270507000 22.782000000
1574452822294810942       37.869952800 -122.270489900 22.712000000
1574452823294811114       37.869967100 -122.270462600 23.015000000
1574452824294811285       37.869981600 -122.270421100 23.486000000
1574452825294811459       37.869992900 -122.270363600 23.625000000
1574452826294811632       37.870003400 -122.270298700 23.865000000
1574452827294811806       37.870014900 -122.270223300 24.155000000
1574452828294811982       37.870030500 -122.270140400 23.540000000
1574452829294812155       37.870038400 -122.270059400 23.905000000
1574452830294812329       37.870046700 -122.269975300 24.194000000
1574452831294812502       37.870055400 -122.269892200 24.687000000
1574452832294812674       37.870062900 -122.269808200 25.950000000
1574452833294812846       37.870071400 -122.269724200 27.169000000
1574452834294813019       37.870093900 -122.269637500 27.208000000
1574452835294813194       37.870109600 -122.269549400 27.212000000
1574452836294813364       37.870117800 -122.269461400 29.185000000
1574452837294813535       37.870131200 -122.269373400 30.372000000
1574452838294813708       37.870148500 -122.269285900 30.805000000
1574452839294813883       37.870177600 -122.269198700 29.903000000
1574452840294814054       37.870197600 -122.269118700 30.851000000
1574452841294814227       37.870226400 -122.269047500 30.882000000
1574452842294814407       37.870238800 -122.268971000 29.061000000
1574452843294814593       37.870266200 -122.268901100 24.758000000
1574452844294814766       37.870278100 -122.268848000 25.096000000
1574452845294814936       37.870291700 -122.268804600 26.928000000
1574452846294815109       37.870304700 -122.268765500 27.357000000
1574452847294815279       37.870291200 -122.268740600 29.249000000
1574452848294815455       37.870286500 -122.268719900 28.465000000
1574452849294815604       37.870214500 -122.268730200 38.776000000
1574452850294815762       37.870165000 -122.268737800 45.591000000
1574452851294815929       37.870135600 -122.268734000 48.668000000
1574452852294816103       37.870117400 -122.268726400 49.080000000
1574452853294816281       37.870143300 -122.268727900 46.704000000
1574452854294816444       37.870094800 -122.268733800 51.431000000
1574452855294816617       37.870081500 -122.268731600 51.948000000
1574452856294816782       37.870045300 -122.268739300 56.185000000
1574452857294816944       37.870011600 -122.268743700 60.701000000
1574452858294817121       37.870005500 -122.268740300 60.056000000
1574452859294817293       37.869995200 -122.268746500 60.868000000
1574452860294817474       37.870004200 -122.268741600 57.986000000
1574452861294817654       37.870012200 -122.268738000 56.044000000
1574452862294817831       37.870019400 -122.268738400 54.713000000
1574452863294818008       37.870026300 -122.268738000 53.448000000
1574452864294818184       37.870031500 -122.268737600 52.561000000
1574452865294818360       37.870035600 -122.268738300 51.731000000
1574452866294818537       37.870036400 -122.268740500 50.805000000
1574452867294818712       37.870036900 -122.268742800 50.305000000
1574452868294818886       37.870034200 -122.268746200 50.358000000
1574452869294819060       37.870032200 -122.268749200 50.210000000
1574452870294819233       37.870029500 -122.268752000 50.135000000
1574452871294819408       37.870028500 -122.268755200 49.976000000
1574452872294819582       37.870030700 -122.268757200 49.800000000
1574452873294819755       37.870032200 -122.268759200 49.908000000
1574452874294819928       37.870033700 -122.268761600 50.104000000
1574452875294820100       37.870033100 -122.268763000 50.645000000
1574452876294820273       37.870032400 -122.268764300 51.003000000
1574452877294820446       37.870033800 -122.268765200 51.382000000
1574452878294820620       37.870032300 -122.268766100 51.534000000
1574452879294820794       37.870030900 -122.268767100 51.601000000
1574452880294820968       37.870029200 -122.268768600 51.750000000
1574452881294821142       37.870026600 -122.268769500 51.858000000
1574452882294821316       37.870024300 -122.268770200 51.918000000
1574452883294821492       37.870020300 -122.268769600 51.609000000
1574452884294821668       37.870017200 -122.268769000 51.406000000
1574452885294821843       37.870014300 -122.268768800 51.070000000
1574452886294822019       37.870013300 -122.268768400 50.437000000
1574452887294822195       37.870011300 -122.268768200 50.092000000
1574452888294822372       37.870011500 -122.268772500 48.384000000
1574452889294822552       37.870011400 -122.268768600 46.116000000
1574452890294822728       37.870014500 -122.268758400 45.334000000
1574452891294822907       37.870020400 -122.268738100 43.542000000
1574452892294823083       37.870028500 -122.268709300 43.245000000
1574452893294823261       37.870043000 -122.268668000 42.617000000
1574452894294823440       37.870057000 -122.268620300 41.548000000
1574452895294823612       37.870070200 -122.268574600 43.183000000
1574452896294823779       37.870091900 -122.268526400 47.239000000
1574452897294823951       37.870102900 -122.268488400 48.478000000
1574452898294824121       37.870126500 -122.268448400 50.844000000
1574452899294824293       37.870144900 -122.268422100 52.608000000
1574452900294824467       37.870152600 -122.268403700 53.289000000
1574452901294824640       37.870159200 -122.268387000 53.932000000
1574452902294824816       37.870165200 -122.268374600 53.651000000
1574452903294824994       37.870172200 -122.268367600 52.753000000
1574452904294825171       37.870178700 -122.268363600 51.836000000
1574452905294825349       37.870184000 -122.268360600 51.062000000
1574452906294825526       37.870189700 -122.268356200 50.111000000
1574452907294825705       37.870194000 -122.268351700 48.938000000
1574452908294825882       37.870198600 -122.268347300 47.866000000
1574452909294826060       37.870202000 -122.268343500 47.015000000
1574452910294826237       37.870204900 -122.268340500 46.089000000
1574452911294826415       37.870207700 -122.268338200 45.293000000
1574452912294826591       37.870210400 -122.268335200 44.727000000
1574452913294826768       37.870211900 -122.268331800 44.178000000
1574452914294826942       37.870209700 -122.268330500 44.789000000
1574452915294827118       37.870210800 -122.268321300 44.500000000
1574452916294827294       37.870214600 -122.268308100 44.300000000
1574452917294827471       37.870221600 -122.268294900 43.908000000
1574452918294827648       37.870224400 -122.268285300 43.472000000
1574452919294827822       37.870227900 -122.268273000 43.955000000
1574452920294827997       37.870235000 -122.268258200 44.045000000
1574452921294828171       37.870236300 -122.268239400 44.543000000
1574452922294828345       37.870233200 -122.268217000 45.254000000
1574452923294828523       37.870228700 -122.268186700 44.227000000
1574452924294828701       37.870223100 -122.268154800 43.541000000
1574452925294828880       37.870209900 -122.268124000 42.594000000
1574452926294829063       37.870187000 -122.268102700 40.083000000
1574452927294829243       37.870159300 -122.268086500 38.712000000
1574452928294829418       37.870125800 -122.268069000 38.888000000
1574452929294829594       37.870085900 -122.268057300 38.907000000
1574452930294829772       37.870040400 -122.268046400 37.977000000
1574452931294829951       37.869988600 -122.268038900 36.429000000
1574452932294830129       37.869932900 -122.268040400 35.835000000
1574452933294830307       37.869873900 -122.268042500 34.901000000
1574452934294830484       37.869812600 -122.268040200 33.987000000
1574452935294830661       37.869748900 -122.268040500 33.264000000
1574452936294830837       37.869685800 -122.268040900 32.908000000
1574452937294831013       37.869626300 -122.268041100 32.775000000
1574452938294831190       37.869572800 -122.268040700 32.155000000
1574452939294831367       37.869525700 -122.268043700 31.647000000
1574452940294831544       37.869485200 -122.268045900 31.145000000
1574452941294831719       37.869448600 -122.268051600 31.161000000
1574452942294831895       37.869416700 -122.268063200 31.240000000
1574452943294832070       37.869392600 -122.268080700 31.263000000
1574452944294832247       37.869377300 -122.268097700 30.966000000
1574452945294832423       37.869368900 -122.268109800 30.888000000
1574452946294832600       37.869364300 -122.268116600 30.606000000
1574452947294832777       37.869361100 -122.268122600 30.177000000
1574452948294832954       37.869357100 -122.268133300 29.637000000
1574452949294833130       37.869351500 -122.268146900 29.430000000
1574452950294833307       37.869343500 -122.268167100 29.223000000
1574452951294833483       37.869334700 -122.268199600 29.072000000
1574452952294833659       37.869324500 -122.268244100 28.711000000
1574452953294833836       37.869314800 -122.268298300 28.443000000
1574452954294834011       37.869307200 -122.268360100 28.552000000
1574452955294834187       37.869295900 -122.268428100 28.581000000
1574452956294834363       37.869281900 -122.268497500 28.463000000
1574452957294834539       37.869274700 -122.268566500 28.258000000
1574452958294834716       37.869270600 -122.268639100 27.891000000
1574452959294834893       37.869263500 -122.268713900 27.615000000
1574452960294835070       37.869254500 -122.268786200 27.119000000
1574452961294835245       37.869246300 -122.268853300 27.612000000
1574452962294835421       37.869237300 -122.268919500 27.701000000
1574452963294835596       37.869231600 -122.268984200 28.341000000
1574452964294835773       37.869224900 -122.269043800 28.171000000
1574452965294835949       37.869219300 -122.269096000 28.187000000
1574452966294836125       37.869216500 -122.269140000 28.064000000
1574452967294836301       37.869213000 -122.269167800 28.140000000
1574452968294836478       37.869211400 -122.269178300 28.035000000
1574452969294836655       37.869210900 -122.269180200 27.487000000
1574452970294836833       37.869210500 -122.269181100 26.825000000
1574452971294837010       37.869210100 -122.269182400 26.259000000
1574452972294837188       37.869210100 -122.269187900 25.707000000
1574452973294837364       37.869208700 -122.269197300 25.471000000
1574452974294837540       37.869204700 -122.269211700 25.168000000
1574452975294837716       37.869193500 -122.269230400 25.081000000
1574452976294837893       37.869172000 -122.269249800 24.690000000
1574452977294838070       37.869141200 -122.269262900 24.394000000
1574452978294838246       37.869100500 -122.269268700 24.043000000
1574452979294838422       37.869050800 -122.269268700 23.982000000
1574452980294838598       37.868994400 -122.269261900 23.734000000
1574452981294838773       37.868934300 -122.269251200 23.591000000
1574452982294838948       37.868869500 -122.269241800 23.804000000
1574452983294839123       37.868805400 -122.269234500 24.062000000
1574452984294839301       37.868750400 -122.269228400 23.097000000
1574452985294839477       37.868702700 -122.269223300 22.780000000
1574452986294839655       37.868659200 -122.269209200 22.019000000
1574452987294839828       37.868617600 -122.269190400 22.871000000
1574452988294840001       37.868576500 -122.269169900 23.654000000
1574452989294840176       37.868531200 -122.269157100 23.871000000
1574452990294840351       37.868491400 -122.269151000 24.119000000
1574452991294840525       37.868466600 -122.269150900 24.748000000
1574452992294840703       37.868451200 -122.269150100 24.295000000
1574452993294840879       37.868447000 -122.269150300 24.017000000
1574452994294841056       37.868446300 -122.269149800 23.479000000
1574452995294841233       37.868446000 -122.269149700 23.257000000
1574452996294841410       37.868445100 -122.269149800 22.861000000
1574452997294841586       37.868439500 -122.269150700 22.707000000
1574452998294841761       37.868427400 -122.269151600 23.126000000
1574452999294841936       37.868409900 -122.269148600 23.067000000
1574453000294842113       37.868389200 -122.269135200 22.820000000
1574453001294842289       37.868367700 -122.269109000 22.613000000
1574453002294842466       37.868352100 -122.269069700 21.793000000
1574453003294842642       37.868343500 -122.269022300 21.730000000
1574453004294842816       37.868341300 -122.268968400 21.972000000
1574453005294842993       37.868345600 -122.268906700 21.564000000
1574453006294843170       37.868354100 -122.268838100 21.107000000
1574453007294843347       37.868363900 -122.268762800 20.884000000
1574453008294843522       37.868374800 -122.268681900 21.523000000
1574453009294843697       37.868383800 -122.268599600 22.027000000
1574453010294843874       37.868391200 -122.268520500 22.247000000
1574453011294844049       37.868398500 -122.268448600 22.914000000
1574453012294844224       37.868405300 -122.268380800 23.503000000
1574453013294844402       37.868413300 -122.268317900 22.940000000
1574453014294844580       37.868420900 -122.268267000 22.221000000
1574453015294844756       37.868425600 -122.268236600 22.313000000
1574453016294844934       37.868428900 -122.268220900 21.890000000
1574453017294845109       37.868427400 -122.268217600 22.259000000
