1574452571767      2.041      1.329      2.049 
1574452573705     12.254      1.497      2.063 
1574452575847     22.563      1.720      2.015 
1574452606243     32.659      1.676      2.079 
1574452608487     43.065      0.771      2.153 
1574452610323     53.639      0.380      2.117 
1574452611853     63.743      0.458      2.040 
1574452613281     74.355      0.970      2.042 
1574452614811     84.883      1.651      1.961 
1574452616647     95.201      2.277      2.056 
1574452619503    104.934      2.788      2.062 
1574452646023    115.062      3.009      2.085 
1574452649185    125.229      3.351      2.041 
1574452658874    135.382      3.905      2.050 
1574452661730    143.441     10.383      2.155 
1574452663770    146.193     20.004      2.071 
1574452665606    145.778     30.323      2.059 
1574452667442    145.127     40.611      2.035 
1574452669380    144.119     50.921      2.012 
1574452671216    142.918     60.871      2.049 
1574452673052    141.752     71.216      2.061 
1574452674888    140.420     81.575      1.993 
1574452676724    139.702     91.858      2.003 
1574452678560    139.236    102.328      1.992 
1574452680192    138.243    112.362      1.986 
1574452681722    137.222    122.688      2.021 
1574452683252    136.450    132.918      2.056 
1574452684884    135.765    143.356      1.949 
1574452686516    134.817    153.502      1.984 
1574452688148    133.708    163.748      2.028 
1574452689780    132.746    173.929      2.085 
1574452691718    132.473    184.060      2.059 
1574452707120    131.871    194.157      2.073 
1574452709874    130.418    204.090      2.089 
1574452715586    131.729    214.072      1.920 
1574452718340    140.740    218.861      1.961 
1574452720176    151.347    219.379      2.071 
1574452721706    161.576    219.868      2.032 
1574452723236    172.179    220.387      2.017 
1574452724766    182.593    220.767      2.017 
1574452726398    193.058    221.156      1.965 
1574452728030    203.572    221.720      1.969 
1574452729968    213.770    221.761      1.955 
1574452732416    222.681    216.871      2.062 
1574452734456    225.562    207.264      2.091 
1574452736088    226.655    197.099      2.018 
1574452737618    228.022    186.588      2.023 
1574452739046    229.559    176.089      2.020 
1574452740474    231.093    165.600      2.040 
1574452742004    232.174    155.101      2.001 
1574452743942    231.923    145.011      1.993 
1574452746084    232.567    134.942      2.029 
1574452750470    233.329    124.880      2.049 
1574452752816    235.249    114.640      2.087 
1574452754652    236.700    104.674      2.072 
1574452756284    237.611     94.208      2.032 
1574452757814    238.487     83.870      2.010 
1574452759242    239.285     73.689      2.018 
1574452760670    240.349     63.583      2.024 
1574452762200    241.501     53.038      2.015 
1574452763934    242.498     42.752      2.034 
1574452766586    243.391     32.624      2.092 
1574452777806    244.033     22.445      1.930 
1574452782498    239.894     13.283      2.020 
1574452784639    230.065     10.530      2.034 
1574452786271    219.870      9.954      2.046 
1574452787699    209.751      9.331      2.049 
1574452789127    199.548      8.993      2.067 
1574452790555    188.991      8.703      2.063 
1574452791881    178.703      8.323      2.052 
1574452793207    167.944      8.099      2.065 
1574452794533    157.692      7.957      2.104 
1574452795961    147.341      7.699      2.236 
1574452797491    136.696      7.310      2.080 
1574452798919    126.472      6.776      2.151 
1574452800347    116.293      6.415      2.094 
1574452801979    106.552      6.144      2.105 
1574452808201     95.942      5.859      2.106 
1574452808303     95.625      5.836      2.103 
1574452810853     85.418      5.691      2.023 
1574452812485     75.409      5.591      1.942 
1574452814219     65.037      5.647      1.983 
1574452816769     54.862      5.857      1.974 
1574452823195     45.990     10.905      1.882 
1574452825745     43.477     21.066      1.921 
1574452827377     41.741     30.990      1.967 
1574452827683     41.388     33.163      1.994 
1574452829111     39.641     43.598      1.980 
1574452831865     36.819     64.267      2.010 
1574452833191     36.392     74.435      2.044 
1574452834517     35.906     84.873      1.996 
1574452835843     35.170     95.519      2.004 
1574452837067     34.320    105.516      1.999 
1574452838291     33.471    115.707      1.978 
1574452839515     32.742    125.816      1.958 
1574452840841     31.930    136.134      1.958 
1574452842371     30.907    146.778      1.962 
1574452844105     29.844    156.955      2.004 
1574452846451     28.713    166.972      1.947 
1574452860425     27.388    176.928      1.990 
1574452860629     27.372    177.012      1.991 
1574452860731     27.369    177.051      2.014 
1574452860935     27.358    177.128      2.032 
1574452861037     27.356    177.156      2.010 
1574452893881     25.959    187.120      2.053 
1574452896941     24.858    197.288      1.978 
1574452914790     23.701    207.231      1.931 
1574452914994     23.690    207.350      1.930 
1574452915096     23.684    207.422      1.932 
1574452915198     23.674    207.514      1.944 
1574452923154     23.259    217.515      1.888 
1574452926928     29.970    225.306      1.881 
1574452929376     40.168    227.539      1.817 
1574452931314     50.637    228.016      1.811 
1574452932946     60.885    227.142      1.837 
1574452934476     71.470    226.197      1.868 
1574452935904     81.847    225.293      1.927 
1574452937332     91.979    224.228      1.832 
1574452938964    102.362    223.088      1.912 
1574452941004    112.588    221.690      1.912 
1574452943860    121.975    217.797      1.914 
1574452951000    127.002    208.916      1.992 
1574452953550    129.191    198.939      2.072 
1574452955284    130.338    188.974      2.106 
1574452956916    131.551    178.892      2.038 
1574452958548    131.981    168.696      2.054 
1574452960078    132.298    158.649      2.047 
1574452961710    133.011    148.198      1.988 
1574452963444    133.935    137.819      1.995 
1574452965484    134.816    127.443      2.027 
1574452973848    135.816    117.512      2.047 
1574452977928    144.001    111.621      1.934 
1574452979866    154.019    110.608      2.107 
1574452981396    164.308    111.052      2.090 
1574452982824    174.362    111.629      2.037 
1574452984354    184.519    112.037      2.038 
1574452986190    194.997    112.396      2.085 
1574452988128    204.820    115.481      2.076 
1574452990168    214.733    117.921      2.084 
1574452998736    224.805    116.963      2.148 
1574453002408    233.385    122.336      2.036 
1574453004754    235.873    132.491      2.096 
1574453006590    235.347    143.059      2.071 
1574453008120    234.354    153.297      2.028 
1574453009548    233.244    163.632      2.035 
1574453010976    232.140    174.087      2.058 
1574453012608    231.094    184.626      2.050 
1574453014444    230.139    194.607      2.018 
