1574453038294848793       37.868434600 -122.268119900 25.312000000
1574453039294848969       37.868439000 -122.268093500 25.647000000
1574453040294849144       37.868444900 -122.268060100 26.133000000
1574453041294849320       37.868450700 -122.268025500 26.260000000
1574453042294849496       37.868456400 -122.267993600 26.451000000
1574453043294849672       37.868463500 -122.267964200 26.795000000
1574453044294849849       37.868472600 -122.267935700 26.828000000
1574453045294850026       37.868486600 -122.267907500 26.846000000
1574453046294850203       37.868506800 -122.267881800 26.899000000
1574453047294850381       37.868534300 -122.267861100 26.668000000
1574453048294850558       37.868570200 -122.267847600 26.561000000
1574453049294850734       37.868614600 -122.267847600 26.764000000
1574453050294850911       37.868667400 -122.267857200 26.768000000
1574453051294851087       37.868726500 -122.267868500 26.915000000
1574453052294851263       37.868790000 -122.267878300 27.033000000
1574453053294851440       37.868857800 -122.267887300 26.981000000
1574453054294851617       37.868929300 -122.267895700 27.048000000
1574453055294851793       37.868998800 -122.267903400 27.091000000
1574453056294851969       37.869065000 -122.267908500 27.579000000
1574453057294852145       37.869131400 -122.267909600 27.731000000
1574453058294852322       37.869201600 -122.267907700 27.789000000
1574453059294852498       37.869274100 -122.267904600 28.044000000
1574453060294852675       37.869349400 -122.267900900 27.883000000
1574453061294852851       37.869424300 -122.267897100 27.881000000
1574453062294853028       37.869499100 -122.267891100 28.017000000
1574453063294853205       37.869575100 -122.267882200 27.935000000
1574453064294853380       37.869650800 -122.267872300 28.284000000
1574453065294853557       37.869725100 -122.267862000 28.241000000
1574453066294853734       37.869797100 -122.267851200 28.354000000
1574453067294853910       37.869865000 -122.267841100 28.577000000
1574453068294854087       37.869928100 -122.267832600 28.805000000
1574453069294854263       37.869983400 -122.267824000 29.011000000
1574453070294854439       37.870028500 -122.267815300 29.028000000
1574453071294854615       37.870063800 -122.267808300 29.093000000
1574453072294854791       37.870089300 -122.267803600 29.344000000
1574453073294854966       37.870105900 -122.267801600 29.827000000
1574453074294855142       37.870114700 -122.267800500 30.068000000
1574453075294855319       37.870117900 -122.267800000 30.049000000
1574453076294855496       37.870118400 -122.267800200 29.897000000
1574453077294855674       37.870118700 -122.267800600 29.692000000
1574453078294855851       37.870118900 -122.267800800 29.576000000
1574453079294856028       37.870118700 -122.267800800 29.422000000
1574453080294856205       37.870119700 -122.267800700 29.127000000
1574453081294856382       37.870124400 -122.267800500 28.982000000
1574453082294856559       37.870132900 -122.267799600 28.965000000
1574453083294856735       37.870144100 -122.267798300 29.062000000
1574453084294856913       37.870155400 -122.267795600 28.558000000
1574453085294857090       37.870160900 -122.267795100 28.505000000
1574453086294857267       37.870162600 -122.267794400 28.670000000
1574453087294857444       37.870163000 -122.267794300 28.655000000
1574453088294857620       37.870163400 -122.267793700 28.664000000
1574453089294857797       37.870164100 -122.267793500 28.715000000
1574453090294857973       37.870164900 -122.267793600 28.964000000
1574453091294858150       37.870165100 -122.267793700 29.222000000
1574453092294858326       37.870165700 -122.267793400 29.443000000
1574453093294858502       37.870166300 -122.267793400 29.529000000
1574453094294858679       37.870167000 -122.267793600 29.773000000
1574453095294858855       37.870167600 -122.267793400 29.800000000
1574453096294859033       37.870167800 -122.267792800 29.561000000
1574453097294859209       37.870168300 -122.267792900 29.768000000
1574453098294859384       37.870169600 -122.267794000 30.456000000
1574453099294859561       37.870173800 -122.267792700 30.297000000
1574453100294859738       37.870181200 -122.267791100 30.485000000
1574453101294859916       37.870189600 -122.267788200 30.027000000
1574453102294860092       37.870195300 -122.267787700 30.427000000
1574453103294860268       37.870197100 -122.267787500 30.768000000
1574453104294860444       37.870199000 -122.267787400 30.940000000
1574453105294860620       37.870206800 -122.267787600 31.330000000
1574453106294860798       37.870223400 -122.267785300 31.113000000
1574453107294860974       37.870244300 -122.267783700 31.309000000
1574453108294861151       37.870265400 -122.267781100 31.346000000
1574453109294861327       37.870288200 -122.267775900 31.640000000
1574453110294861503       37.870309500 -122.267764600 31.976000000
1574453111294861680       37.870327700 -122.267745500 32.225000000
1574453112294861857       37.870344700 -122.267717900 32.349000000
1574453113294862033       37.870359400 -122.267680400 32.586000000
1574453114294862209       37.870370500 -122.267633800 32.872000000
1574453115294862388       37.870376700 -122.267580800 32.422000000
1574453116294862564       37.870380800 -122.267524900 32.980000000
1574453117294862743       37.870384400 -122.267461300 32.321000000
1574453118294862920       37.870389500 -122.267394300 32.305000000
1574453119294863098       37.870398300 -122.267326200 32.054000000
1574453120294863275       37.870407200 -122.267259000 32.117000000
1574453121294863453       37.870416800 -122.267190900 31.801000000
1574453122294863630       37.870426900 -122.267121800 31.789000000
1574453123294863808       37.870434900 -122.267052700 31.588000000
1574453124294863986       37.870445300 -122.266986600 31.473000000
1574453125294864162       37.870459000 -122.266920000 31.711000000
1574453126294864339       37.870467600 -122.266852200 31.692000000
1574453127294864518       37.870476900 -122.266783500 31.437000000
1574453128294864695       37.870490600 -122.266713900 31.493000000
1574453129294864873       37.870507200 -122.266643100 31.165000000
1574453130294865049       37.870520500 -122.266568700 31.638000000
1574453131294865226       37.870525800 -122.266490900 31.853000000
1574453132294865402       37.870527900 -122.266413700 32.084000000
1574453133294865580       37.870531600 -122.266340900 32.049000000
1574453134294865757       37.870537700 -122.266275100 32.140000000
1574453135294865933       37.870545600 -122.266218900 32.461000000
1574453136294866111       37.870553800 -122.266172100 32.083000000
1574453137294866288       37.870558100 -122.266137900 31.793000000
1574453138294866467       37.870559600 -122.266121300 31.363000000
1574453139294866643       37.870561700 -122.266118600 31.422000000
1574453140294866818       37.870562000 -122.266120100 32.113000000
1574453141294866993       37.870562600 -122.266121400 32.799000000
1574453142294867169       37.870561900 -122.266122000 33.093000000
1574453143294867345       37.870563800 -122.266120300 33.014000000
1574453144294867522       37.870565700 -122.266111100 32.833000000
1574453145294867699       37.870566500 -122.266103200 32.825000000
1574453146294867876       37.870566500 -122.266101600 32.855000000
1574453147294868053       37.870565700 -122.266101400 32.880000000
1574453148294868230       37.870564600 -122.266101000 32.660000000
1574453149294868407       37.870564000 -122.266100300 32.292000000
1574453150294868584       37.870564000 -122.266098300 32.064000000
1574453151294868761       37.870565700 -122.266090000 32.091000000
1574453152294868938       37.870567900 -122.266070000 32.038000000
1574453153294869115       37.870565400 -122.266039400 32.102000000
1574453154294869293       37.870552400 -122.266003500 31.778000000
1574453155294869470       37.870525200 -122.265970100 31.735000000
1574453156294869648       37.870485500 -122.265948100 31.223000000
1574453157294869825       37.870436700 -122.265938200 31.061000000
1574453158294870002       37.870384800 -122.265932200 30.804000000
1574453159294870181       37.870333300 -122.265925800 30.144000000
1574453160294870358       37.870288000 -122.265920200 29.987000000
1574453161294870535       37.870244900 -122.265915300 30.136000000
1574453162294870713       37.870199200 -122.265908800 29.828000000
1574453163294870890       37.870149500 -122.265901400 29.581000000
1574453164294871068       37.870094700 -122.265895800 29.284000000
1574453165294871245       37.870036600 -122.265889700 29.399000000
1574453166294871420       37.869976300 -122.265881200 29.930000000
1574453167294871597       37.869918400 -122.265874900 29.977000000
1574453168294871776       37.869864500 -122.265870800 29.348000000
1574453169294871954       37.869806000 -122.265867300 29.345000000
1574453170294872134       37.869744600 -122.265870500 28.547000000
1574453171294872309       37.869687800 -122.265878100 29.188000000
1574453172294872488       37.869628400 -122.265893700 28.814000000
1574453173294872665       37.869572100 -122.265914200 28.629000000
1574453174294872843       37.869519100 -122.265938400 28.120000000
1574453175294873020       37.869466800 -122.265965200 28.010000000
1574453176294873197       37.869415600 -122.265993600 27.775000000
1574453177294873374       37.869366900 -122.266022000 27.696000000
1574453178294873551       37.869319100 -122.266048400 27.591000000
1574453179294873728       37.869274100 -122.266071600 27.227000000
1574453180294873904       37.869231600 -122.266092800 27.019000000
1574453181294874081       37.869187700 -122.266113500 26.712000000
1574453182294874257       37.869144700 -122.266136300 26.606000000
1574453183294874434       37.869101700 -122.266160700 26.283000000
1574453184294874609       37.869059500 -122.266183500 26.860000000
1574453185294874783       37.869018900 -122.266204800 27.336000000
1574453186294874959       37.868979600 -122.266224900 27.143000000
1574453187294875134       37.868940300 -122.266244700 27.431000000
1574453188294875311       37.868895900 -122.266263300 27.336000000
1574453189294875489       37.868850200 -122.266281900 26.884000000
1574453190294875667       37.868807400 -122.266304400 26.334000000
1574453191294875843       37.868767500 -122.266331400 26.105000000
1574453192294876018       37.868733000 -122.266371200 26.176000000
1574453193294876195       37.868712400 -122.266428600 25.727000000
1574453194294876372       37.868701600 -122.266492000 25.198000000
1574453195294876550       37.868695800 -122.266559500 24.498000000
1574453196294876727       37.868690700 -122.266621100 24.145000000
1574453197294876903       37.868679900 -122.266685600 24.177000000
1574453198294877080       37.868670600 -122.266742600 23.711000000
1574453199294877257       37.868666100 -122.266777200 23.009000000
1574453200294877434       37.868663800 -122.266796700 22.721000000
1574453201294877611       37.868665900 -122.266806700 22.276000000
1574453202294877788       37.868665800 -122.266810100 22.106000000
1574453203294877966       37.868667000 -122.266822100 21.363000000
1574453204294878143       37.868665300 -122.266844400 20.893000000
1574453205294878320       37.868659700 -122.266877600 20.735000000
1574453206294878492       37.868643200 -122.266921300 21.848000000
1574453207294878667       37.868632000 -122.266969800 22.013000000
1574453208294878843       37.868623700 -122.267017700 22.302000000
1574453209294879018       37.868615700 -122.267068200 22.505000000
1574453210294879196       37.868611800 -122.267119300 21.864000000
1574453211294879372       37.868603700 -122.267170200 21.812000000
1574453212294879547       37.868598600 -122.267218300 22.029000000
1574453213294879723       37.868594700 -122.267258900 22.225000000
1574453214294879897       37.868591400 -122.267288600 23.255000000
1574453215294880072       37.868589000 -122.267306500 23.603000000
1574453216294880249       37.868587300 -122.267322300 23.460000000
1574453217294880424       37.868583700 -122.267350300 23.611000000
1574453218294880601       37.868578200 -122.267389600 23.381000000
1574453219294880777       37.868571000 -122.267435100 23.112000000
1574453220294880954       37.868566500 -122.267482600 22.622000000
1574453221294881130       37.868565300 -122.267527200 22.562000000
1574453222294881305       37.868565800 -122.267561200 22.905000000
1574453223294881481       37.868564500 -122.267588400 23.050000000
1574453224294881657       37.868563000 -122.267615900 23.165000000
1574453225294881833       37.868561400 -122.267642100 23.369000000
1574453226294882009       37.868558500 -122.267663000 23.331000000
1574453227294882184       37.868554200 -122.267679100 23.470000000
1574453228294882359       37.868551700 -122.267689700 23.769000000
1574453229294882535       37.868551200 -122.267693900 23.884000000
1574453230294882710       37.868551000 -122.267694600 24.164000000
1574453231294882886       37.868551500 -122.267694800 24.169000000
1574453232294883062       37.868551200 -122.267694800 24.372000000
1574453233294883238       37.868551300 -122.267695600 24.383000000
1574453234294883415       37.868551300 -122.267696400 24.420000000
1574453235294883591       37.868551100 -122.267697100 24.302000000
1574453236294883768       37.868551200 -122.267698200 24.364000000
1574453237294883944       37.868550700 -122.267699800 24.459000000
1574453238294884120       37.868550000 -122.267700800 24.428000000
1574453239294884297       37.868549200 -122.267702000 24.501000000
1574453240294884472       37.868548400 -122.267703000 24.760000000
1574453241294884649       37.868547500 -122.267703700 24.831000000
1574453242294884825       37.868547000 -122.267703700 24.876000000
1574453243294885002       37.868546600 -122.267703800 24.814000000
1574453244294885178       37.868546700 -122.267704000 24.919000000
1574453245294885354       37.868546900 -122.267703900 25.125000000
1574453246294885530       37.868546900 -122.267704200 25.437000000
1574453247294885706       37.868546300 -122.267705300 25.491000000
1574453248294885882       37.868545200 -122.267706800 25.617000000
1574453249294886058       37.868544000 -122.267709700 25.750000000
1574453250294886235       37.868543100 -122.267712800 25.818000000
1574453251294886411       37.868542600 -122.267713800 25.959000000
1574453252294886587       37.868542500 -122.267713000 26.016000000
1574453253294886763       37.868542800 -122.267712500 26.211000000
1574453254294886939       37.868543300 -122.267712400 26.396000000
1574453255294887116       37.868544000 -122.267712100 26.333000000
1574453256294887292       37.868545100 -122.267712100 26.607000000
1574453257294887468       37.868545700 -122.267716100 26.932000000
1574453258294887644       37.868546200 -122.267724000 27.283000000
1574453259294887819       37.868547200 -122.267734800 27.703000000
1574453260294887994       37.868549800 -122.267748100 28.134000000
1574453261294888171       37.868555400 -122.267764300 28.136000000
1574453262294888348       37.868567200 -122.267779900 27.950000000
1574453263294888525       37.868584800 -122.267793800 28.083000000
1574453264294888702       37.868605600 -122.267805400 27.702000000
1574453265294888879       37.868628300 -122.267813300 27.702000000
1574453266294889057       37.868651300 -122.267818900 27.245000000
1574453267294889234       37.868671200 -122.267822900 27.169000000
1574453268294889411       37.868685300 -122.267824900 27.020000000
1574453269294889587       37.868693200 -122.267826400 27.044000000
1574453270294889764       37.868696200 -122.267826700 26.988000000
1574453271294889942       37.868699300 -122.267826600 26.696000000
1574453272294890119       37.868709900 -122.267829400 26.525000000
1574453273294890297       37.868731600 -122.267841100 26.273000000
1574453274294890473       37.868767800 -122.267858600 26.571000000
1574453275294890649       37.868814900 -122.267874200 26.515000000
1574453276294890826       37.868866100 -122.267885100 26.498000000
1574453277294891002       37.868911700 -122.267890500 26.572000000
1574453278294891181       37.868944300 -122.267891800 26.064000000
1574453279294891359       37.868961500 -122.267892400 25.540000000
1574453280294891537       37.868967000 -122.267891700 25.272000000
1574453281294891714       37.868967800 -122.267891000 25.076000000
1574453282294891891       37.868968700 -122.267891200 24.961000000
1574453283294892069       37.868975300 -122.267892100 24.600000000
1574453284294892246       37.868987500 -122.267893000 24.853000000
1574453285294892421       37.869009100 -122.267897600 25.589000000
1574453286294892600       37.869047400 -122.267904900 24.725000000
1574453287294892776       37.869095600 -122.267907900 25.218000000
1574453288294892953       37.869147100 -122.267899900 25.671000000
1574453289294893129       37.869197600 -122.267885600 26.164000000
1574453290294893305       37.869241700 -122.267875400 26.190000000
1574453291294893483       37.869276700 -122.267870000 25.970000000
1574453292294893660       37.869307500 -122.267866000 25.739000000
1574453293294893837       37.869340000 -122.267856000 25.628000000
1574453294294894013       37.869371900 -122.267832400 25.945000000
1574453295294894190       37.869398500 -122.267793000 26.055000000
1574453296294894367       37.869417200 -122.267741600 26.146000000
1574453297294894544       37.869430500 -122.267681900 26.245000000
1574453298294894721       37.869441900 -122.267617400 26.406000000
1574453299294894897       37.869450400 -122.267549200 26.795000000
1574453300294895073       37.869460700 -122.267475800 27.210000000
1574453301294895250       37.869475200 -122.267399700 27.723000000
1574453302294895426       37.869488100 -122.267321800 28.096000000
1574453303294895605       37.869498800 -122.267242200 27.889000000
1574453304294895781       37.869509400 -122.267163700 28.492000000
1574453305294895959       37.869518500 -122.267089800 27.845000000
1574453306294896133       37.869528300 -122.267020400 29.247000000
1574453307294896312       37.869534200 -122.266958100 28.801000000
1574453308294896495       37.869532700 -122.266903100 27.301000000
1574453309294896672       37.869529500 -122.266855000 27.803000000
1574453310294896851       37.869529200 -122.266805900 26.899000000
1574453311294897026       37.869537700 -122.266759900 28.147000000
1574453312294897203       37.869545400 -122.266713600 28.125000000
1574453313294897382       37.869551900 -122.266663300 27.128000000
1574453314294897560       37.869558200 -122.266607800 26.728000000
1574453315294897735       37.869565500 -122.266544000 27.837000000
1574453316294897912       37.869568200 -122.266476300 27.646000000
1574453317294898090       37.869577000 -122.266412500 26.650000000
1574453318294898265       37.869581700 -122.266358500 27.164000000
1574453319294898438       37.869590100 -122.266309100 28.966000000
1574453320294898612       37.869598700 -122.266260300 30.518000000
1574453321294898788       37.869597800 -122.266214000 31.253000000
1574453322294898962       37.869603000 -122.266179000 31.899000000
1574453323294899134       37.869600700 -122.266161500 33.692000000
1574453324294899310       37.869598900 -122.266148000 33.955000000
1574453325294899489       37.869604600 -122.266130900 33.367000000
1574453326294899661       37.869598200 -122.266127700 35.065000000
1574453327294899836       37.869598700 -122.266128400 35.850000000
1574453328294900010       37.869599300 -122.266129100 36.419000000
1574453329294900186       37.869600300 -122.266127900 36.921000000
1574453330294900364       37.869604100 -122.266114300 36.264000000
1574453331294900541       37.869606000 -122.266093700 36.070000000
1574453332294900718       37.869608300 -122.266071200 35.874000000
1574453333294900895       37.869608800 -122.266053500 35.501000000
1574453334294901070       37.869603600 -122.266036400 36.095000000
1574453335294901249       37.869592800 -122.266010700 35.015000000
1574453336294901427       37.869577500 -122.265982200 34.335000000
1574453337294901605       37.869550800 -122.265965600 33.829000000
1574453338294901783       37.869516700 -122.265966600 33.442000000
1574453339294901959       37.869479200 -122.265986700 33.346000000
1574453340294902136       37.869440200 -122.266011200 32.976000000
1574453341294902313       37.869401600 -122.266032400 32.636000000
1574453342294902492       37.869364400 -122.266053100 32.208000000
1574453343294902670       37.869331900 -122.266069400 31.678000000
1574453344294902846       37.869308000 -122.266078500 32.059000000
1574453345294903022       37.869293800 -122.266085200 32.299000000
1574453346294903200       37.869288600 -122.266088900 32.075000000
1574453347294903379       37.869288000 -122.266092000 31.714000000
1574453348294903557       37.869288700 -122.266095200 31.343000000
1574453349294903734       37.869289600 -122.266096500 31.164000000
1574453350294903912       37.869290200 -122.266097200 30.933000000
1574453351294904089       37.869290400 -122.266096900 30.866000000
1574453352294904266       37.869290700 -122.266096500 30.848000000
1574453353294904442       37.869291000 -122.266096400 31.039000000
