1574453038516      1.756     -1.117      2.026 
1574453042187     11.927     -0.781      1.937 
1574453045757     21.913      1.774      2.040 
1574453048613     28.326      9.788      2.017 
1574453050551     29.169     20.175      2.022 
1574453052081     29.111     30.566      1.976 
1574453053509     29.425     41.240      1.945 
1574453054835     29.811     51.462      2.005 
1574453056263     30.287     62.090      2.014 
1574453057691     31.340     72.641      2.023 
1574453059017     33.099     82.988      2.058 
1574453060343     35.052     93.737      1.999 
1574453061567     36.845    103.884      1.963 
1574453062791     38.788    113.974      1.980 
1574453064015     41.083    123.915      2.002 
1574453065239     43.422    133.933      2.045 
1574453066463     45.830    143.954      2.066 
1574453067789     48.339    153.976      2.084 
1574453069319     50.927    164.139      2.083 
1574453071359     53.814    174.010      2.005 
1574453083293     56.659    183.652      1.987 
1574453107263     59.165    193.378      2.013 
1574453111241     63.392    202.448      2.019 
1574453114403     72.938    206.504      1.975 
1574453116647     83.371    206.346      2.004 
1574453118381     93.478    206.105      1.943 
1574453120013    103.570    206.175      1.944 
1574453121747    113.902    206.444      2.007 
1574453123379    123.893    206.709      2.007 
1574453125113    134.462    207.243      1.991 
1574453126847    144.997    207.790      2.009 
1574453128479    155.116    208.539      2.044 
1574453130009    165.058    209.869      2.021 
1574453131539    175.629    209.956      2.026 
1574453132967    185.556    208.695      2.023 
1574453134599    196.003    207.829      1.961 
1574453136639    206.084    207.986      2.016 
1574453153061    216.128    207.874      2.032 
1574453156121    223.289    200.880      2.060 
1574453158059    223.981    190.888      2.019 
1574453159793    223.418    180.824      1.970 
1574453161935    223.051    170.346      1.984 
1574453163873    222.633    159.954      1.996 
1574453165505    222.030    149.847      1.947 
1574453167035    221.260    139.318      2.020 
1574453168565    220.620    129.061      2.042 
1574453170197    219.636    118.651      2.076 
1574453171727    217.387    108.617      2.015 
1574453173358    213.762     98.757      2.002 
1574453174990    209.033     89.523      2.013 
1574453176622    204.013     80.752      2.019 
1574453178356    198.891     71.780      2.043 
1574453180192    193.623     62.869      2.071 
1574453182130    188.295     54.090      2.038 
1574453184068    182.758     45.582      2.033 
1574453186006    176.908     37.100      2.062 
1574453188046    171.538     28.161      2.081 
1574453190086    166.968     18.776      2.034 
1574453192024    161.222     10.443      2.061 
1574453193962    151.841      6.771      1.934 
1574453195798    141.306      7.089      1.963 
1574453197532    131.296      7.190      1.984 
1574453199674    121.273      6.402      2.040 
1574453206100    111.204      6.356      1.955 
1574453208548    100.826      6.699      1.970 
1574453210792     90.394      5.937      1.995 
1574453213138     80.092      5.586      2.015 
1574453217728     69.908      5.355      2.017 
1574453220380     59.699      5.291      1.945 
1574453223440     49.643      6.904      1.846 
1574453229152     39.616      6.917      1.969 
1574453264444     32.352     13.894      2.084 
1574453268932     32.029     23.945      2.012 
1574453275052     29.906     34.074      1.948 
1574453276888     29.542     44.546      1.995 
1574453279438     30.086     54.622      2.015 
1574453286884     30.607     64.786      2.023 
1574453288618     32.292     74.682      2.106 
1574453290454     35.745     84.555      2.109 
1574453293208     38.475     94.466      2.042 
1574453295860     45.935    101.681      1.998 
1574453297798     55.781    103.696      1.922 
1574453299532     65.955    104.383      2.071 
1574453301164     76.642    104.828      2.042 
1574453302592     86.760    105.117      2.028 
1574453304019     97.168    105.404      2.046 
1574453305550    107.574    105.660      2.034 
1574453307181    117.625    105.807      2.027 
1574453309119    127.904    105.732      1.962 
1574453311363    137.938    105.625      1.962 
1574453313709    148.227    106.362      2.048 
1574453315647    158.786    106.427      2.033 
1574453317279    168.844    106.444      2.042 
1574453319319    179.228    106.443      1.997 
1574453321869    189.547    106.545      2.035 
1574453331355    199.664    105.878      1.988 
1574453336455    208.393    100.970      1.935 
1574453339311    207.333     90.882      1.996 
1574453341453    201.304     82.353      1.968 
1574453343697    195.608     73.653      1.979 
