stamp 1574452923 154904000
estimate
     0.1713   -0.983551   0.0573323     23.2586
   0.985217    0.171149 -0.00756114     217.515
-0.00237568     0.05778    0.998326     1.88777
          0           0           0           1
odom
  0.178285  -0.962818   0.202967    25.3378
  0.983256   0.166416 -0.0742527    215.784
 0.0377148   0.212807   0.976366    2.15215
         0          0          0          1
accum_distance 1052.33
floor_coeffs -0.00446434   0.0553395    0.998458     1.87514
id 111
