stamp 1574451498 327416000
estimate
  -0.135612   -0.989719    0.045548     279.212
   0.990758   -0.135282   0.0102696     46.1325
-0.00400184   0.0465199    0.998909     1.98871
          0           0           0           1
odom
 -0.166566  -0.983626 -0.0688117    283.933
  0.978613  -0.173454   0.110588    42.2132
 -0.120713 -0.0489198   0.991481   -7.50822
         0          0          0          1
accum_distance 1304.33
floor_coeffs -0.00494355   0.0510973    0.998681     1.95635
id 128
