stamp 1574452005 59823000
estimate
   -0.979867     0.199661   0.00185662     -13.0599
    -0.19966    -0.979869  0.000253187    -0.382193
  0.00187022 -0.000122519     0.999998      2.45682
           0            0            0            1
odom
 -0.954082   0.222246  -0.200834   -4.53917
 -0.224031   -0.97448 -0.0140947   -7.75989
 -0.198841  0.0315455   0.979524   -30.1273
         0          0          0          1
accum_distance 1343.55
floor_coeffs  0.0278247 -0.0271664   0.999244    2.65838
id 136
