stamp 1574452284 27773000
estimate
 -0.0581619   -0.997185   0.0473276    -36.8079
   0.998298  -0.0578957  0.00697758    -320.694
-0.00421787   0.0476529    0.998855     1.94894
          0           0           0           1
odom
 -0.0221766   -0.998932   0.0405385    -35.7012
   0.951008 -0.00857101    0.309047    -319.872
  -0.308369   0.0454061    0.950183     23.7825
          0           0           0           1
accum_distance 600.014
floor_coeffs -0.0101007  0.0397634   0.999158    1.96305
id 60
