stamp 1574453123 379394000
estimate
   0.999927 -0.00715588  0.00969996     123.893
 0.00764442    0.998654  -0.0513003     206.709
 -0.0093198   0.0513708    0.998636     2.00737
          0           0           0           1
odom
   0.988892 -0.00985761   -0.148311       123.1
-0.00680883    0.993747    -0.11145     206.276
   0.148482    0.111221    0.982641     15.1942
          0           0           0           1
accum_distance 288.91
floor_coeffs -0.00995489   0.0406042    0.999126     2.01668
id 29
