stamp 1574452012 403788000
estimate
  -0.998637  -0.0521616 -0.00328167    -55.3134
  0.0522425   -0.998074  -0.0335644    -1.95115
-0.00152416  -0.0336896    0.999431     1.99438
          0           0           0           1
odom
 -0.985881  -0.018666  -0.166405   -46.1458
  0.027547  -0.998307 -0.0512225   -10.3781
 -0.165168 -0.0550832   0.984726   -37.4302
         0          0          0          1
accum_distance 1385.98
floor_coeffs -0.00891184   0.0128978    0.999877     1.99675
id 140
