stamp 1574453071 359785000
estimate
   0.310351   -0.947792   0.0732952     53.8142
   0.950518    0.310532 -0.00921156      174.01
 -0.0140298   0.0725272    0.997268     2.00545
          0           0           0           1
odom
   0.326095   -0.944972  -0.0262721     53.0844
   0.943656    0.327046  -0.0505449     174.849
  0.0563557 -0.00830944    0.998376     4.55917
          0           0           0           1
accum_distance 197.43
floor_coeffs -0.022567 0.0734558  0.997043   2.00655
id 20
