stamp 1574451901 530553000
estimate
   0.893505   -0.448027   0.0304031     35.5905
   0.449049    0.891864  -0.0542039      98.663
-0.00283068   0.0620838    0.998067     1.89647
          0           0           0           1
odom
   0.886864   -0.458823  -0.0543546     36.0754
   0.457946    0.888528  -0.0283558     96.2841
  0.0613059 0.000256263    0.998119    -2.25608
          0           0           0           1
accum_distance 853.093
floor_coeffs 0.000171583   0.0513318    0.998682     1.91815
id 85
