stamp 1574452217 830250000
estimate
    0.152785     0.988259 -0.000691931      65.5874
   -0.988233     0.152776  -0.00740294     -303.344
 -0.00721031   0.00181484     0.999972      2.03625
           0            0            0            1
odom
  0.153682   0.985754 -0.0683488    64.1392
 -0.967311   0.164206   0.193249   -301.646
  0.201719  0.0364157   0.978766    33.8804
         0          0          0          1
accum_distance 321.898
floor_coeffs -0.00887693 -0.00827718    0.999926     2.05347
id 33
