stamp 1574451767 707526000
estimate
  -0.997277    0.073693 -0.00298316     166.055
 -0.0736802   -0.997273 -0.00420934    -82.2385
-0.00328522 -0.00397808    0.999987     2.02743
          0           0           0           1
odom
 -0.993985  0.0828634 -0.0716053    167.237
-0.0861034   -0.99534  0.0434078   -82.5621
-0.0676748  0.0493121   0.996488      19.29
         0          0          0          1
accum_distance 534.799
floor_coeffs -0.000900306  -0.00154561     0.999998      2.02013
id 54
