stamp 1574452724 766435000
estimate
   0.999836  0.00335543   0.0178204     182.593
-0.00220577    0.997938  -0.0641459     220.767
 -0.0179989    0.064096    0.997781      2.0173
          0           0           0           1
odom
    0.999129   0.00799148    0.0409635      181.328
-7.76138e-05     0.981851    -0.189654      220.739
  -0.0417357     0.189486     0.980996      27.2823
           0            0            0            1
accum_distance 401.151
floor_coeffs -0.0216803  0.0463289   0.998691    2.01632
id 40
