stamp 1574452956 916637000
estimate
  0.0617175    0.998093  0.00202809     131.551
  -0.998061    0.061732 -0.00811458     178.892
-0.00822427 -0.00152354    0.999965     2.03791
          0           0           0           1
odom
 0.0556278   0.994163   0.092438    132.459
 -0.995807  0.0619762 -0.0672878    177.243
 -0.072624 -0.0883073   0.993442   -15.0863
         0          0          0          1
accum_distance 1196.63
floor_coeffs -0.00318284  0.00258346    0.999992     2.05873
id 125
