stamp 1574451949 572221000
estimate
-0.00309308    0.997904  -0.0646764     217.992
  -0.999977 -0.00349635 -0.00612302     69.0937
 -0.0063362   0.0646556    0.997888     1.98098
          0           0           0           1
odom
 0.0315503   0.956263    -0.2908    217.273
 -0.999394  0.0258998 -0.0232603    69.3679
-0.0147113   0.291358   0.956501    25.0434
         0          0          0          1
accum_distance 1068.56
floor_coeffs -0.00149592   0.0557273    0.998445      1.9904
id 106
