stamp 1574452197 22411000
estimate
   0.0512531     0.998424   -0.0228972      46.0437
   -0.998686    0.0512458 -0.000906027     -169.782
 0.000268799    0.0229135     0.999737      1.88463
           0            0            0            1
odom
 0.0543251   0.996413 -0.0648915    44.1565
 -0.991733  0.0614076    0.11267   -170.011
   0.11625  0.0582342   0.991511     12.104
         0          0          0          1
accum_distance 186.349
floor_coeffs -0.00268216   0.0325232    0.999467     1.87237
id 20
