stamp 1574451776 479468000
estimate
  -0.999882 -0.00807112  -0.0130484     92.7656
 0.00787073   -0.999851   0.0153365    -83.2572
 -0.0131702    0.015232    0.999797     2.06901
          0           0           0           1
odom
  -0.994208  0.00193154   -0.107458     94.2966
-0.00850922   -0.998115    0.060787     -84.549
  -0.107138   0.0613493     0.99235     14.1264
          0           0           0           1
accum_distance 608.017
floor_coeffs -0.00734628   0.0265573     0.99962     2.05333
id 61
