stamp 1574452684 884766000
estimate
  -0.0431735    -0.998761    0.0247488      135.765
    0.999068   -0.0431579   0.00116368      143.356
-9.41286e-05     0.024776     0.999693      1.94944
           0            0            0            1
odom
-0.0332752  -0.998863  0.0341258    133.454
  0.993363 -0.0368149   -0.10897    144.077
  0.110102  0.0302733   0.993459     19.328
         0          0          0          1
accum_distance 277.973
floor_coeffs -0.00357651   0.0377968    0.999279     1.97508
id 28
