1567281057103     -0.891     -1.539     -0.159 
1567281061081      1.231     -1.267     -0.143 
1567281061795      3.262     -0.960     -0.129 
1567281062407      5.578     -0.622     -0.098 
1567281062917      7.929     -0.314     -0.073 
1567281063427     10.477     -0.186     -0.046 
1567281063835     12.569     -0.186     -0.022 
1567281064243     14.711     -0.388     -0.006 
1567281064651     16.910     -0.836     -0.010 
1567281065059     19.110     -1.463      0.009 
1567281065467     21.257     -2.125      0.042 
1567281065875     23.351     -2.889      0.108 
1567281066283     25.419     -3.518      0.145 
1567281066691     27.476     -4.098      0.131 
1567281067099     29.497     -4.518      0.222 
1567281067609     31.969     -4.784      0.189 
1567281068119     34.362     -4.712      0.238 
1567281068629     36.570     -4.284      0.301 
1567281069139     38.582     -3.476      0.299 
1567281069649     40.492     -2.400      0.316 
1567281070159     42.369     -0.954      0.328 
1567281070669     43.989      0.770      0.320 
1567281071179     45.397      2.724      0.304 
1567281071587     46.400      4.441      0.256 
1567281071995     47.243      6.242      0.239 
1567281072505     47.950      8.434      0.161 
1567281073015     48.267     10.660      0.100 
1567281073525     48.222     12.868     -0.010 
1567281074035     47.829     14.957     -0.091 
1567281074545     47.182     16.856     -0.156 
1567281075055     46.309     18.664     -0.181 
1567281075565     45.215     20.389     -0.168 
1567281076177     43.733     22.132     -0.190 
1567281076687     42.269     23.567     -0.187 
1567281077299     40.354     24.999     -0.266 
1567281077809     38.532     25.875     -0.306 
1567281078421     36.353     26.679     -0.397 
1567281079033     34.174     27.169     -0.467 
1567281079645     31.927     27.221     -0.534 
1567281080257     29.611     26.850     -0.549 
1567281080767     27.468     26.158     -0.613 
1567281081277     25.403     25.277     -0.618 
1567281081787     23.316     24.037     -0.648 
1567281082297     21.412     22.585     -0.640 
1567281082807     19.717     20.842     -0.610 
1567281083317     18.338     18.772     -0.613 
1567281083725     17.475     16.951     -0.603 
1567281084133     16.840     14.947     -0.604 
1567281084541     16.508     12.829     -0.548 
1567281084949     16.499     10.747     -0.596 
1567281085357     16.870      8.570     -0.456 
1567281085765     17.507      6.441     -0.483 
1567281086173     18.407      4.444     -0.390 
1567281086581     19.588      2.597     -0.334 
1567281086989     20.977      0.882     -0.267 
1567281087397     22.587     -0.617     -0.166 
1567281087805     24.547     -1.944     -0.078 
1567281088213     26.575     -2.964      0.039 
1567281088621     28.646     -3.693      0.079 
1567281089029     30.812     -4.099      0.118 
1567281089437     33.099     -4.244      0.176 
1567281089845     35.366     -3.993      0.230 
1567281090253     37.524     -3.384      0.252 
1567281090661     39.504     -2.561      0.274 
1567281091069     41.347     -1.399      0.300 
1567281091477     43.059      0.069      0.301 
1567281091885     44.529      1.765      0.265 
1567281092293     45.833      3.692      0.259 
1567281092701     46.851      5.788      0.219 
1567281093109     47.583      8.054      0.162 
1567281093517     48.082     10.390      0.128 
1567281093925     48.217     12.676     -0.005 
1567281094333     47.978     14.860     -0.087 
1567281094741     47.458     16.966     -0.128 
1567281095149     46.604     18.918     -0.167 
1567281095557     45.449     20.724     -0.135 
1567281096067     43.830     22.466     -0.193 
1567281096475     42.236     23.981     -0.145 
1567281096883     40.450     25.078     -0.227 
1567281097291     38.400     26.062     -0.295 
1567281097699     36.367     26.837     -0.386 
1567281098107     34.091     27.265     -0.465 
1567281098515     31.774     27.345     -0.544 
1567281098923     29.452     27.023     -0.561 
1567281099331     27.233     26.444     -0.600 
1567281099739     25.141     25.641     -0.614 
1567281100147     23.071     24.530     -0.630 
1567281100555     21.090     23.213     -0.652 
1567281100963     19.232     21.676     -0.612 
1567281101371     17.312     20.105     -0.600 
1567281101779     15.232     18.703     -0.598 
1567281102187     13.102     17.341     -0.554 
1567281102595     10.880     16.146     -0.551 
1567281103003      8.547     15.168     -0.588 
1567281103411      6.153     14.367     -0.580 
1567281103819      3.609     13.718     -0.637 
1567281104125      1.594     13.292     -0.637 
1567281104431     -0.406     12.900     -0.657 
1567281104737     -2.567     12.558     -0.675 
1567281105043     -4.691     12.163     -0.684 
1567281105349     -6.970     11.787     -0.674 
1567281105655     -9.189     11.430     -0.716 
1567281105961    -11.440     11.014     -0.741 
1567281106267    -13.611     10.662     -0.780 
1567281106573    -15.826     10.231     -0.799 
1567281106879    -17.946      9.700     -0.833 
1567281107185    -20.337      9.331     -0.864 
1567281107491    -22.659      8.948     -0.908 
1567281107797    -25.153      8.464     -0.937 
1567281108103    -27.578      8.014     -0.966 
1567281108409    -30.099      7.647     -0.982 
1567281108715    -32.563      7.327     -1.012 
1567281109021    -35.124      7.017     -1.046 
1567281109327    -37.610      6.754     -1.078 
1567281109633    -40.151      6.519     -1.102 
1567281109939    -42.607      6.434     -1.135 
1567281110245    -45.056      6.283     -1.141 
1567281110551    -47.335      6.271     -1.159 
1567281110857    -49.543      6.185     -1.177 
1567281111163    -51.573      6.187     -1.213 
1567281111571    -54.066      6.174     -1.236 
1567281111979    -56.273      6.189     -1.249 
1567281112387    -58.327      6.327     -1.278 
1567281112897    -60.776      6.502     -1.312 
1567281113407    -63.115      6.707     -1.349 
1567281113917    -65.422      6.985     -1.363 
1567281114325    -67.436      7.272     -1.385 
1567281114733    -69.547      7.600     -1.399 
1567281115141    -71.783      7.923     -1.400 
1567281115549    -74.036      8.241     -1.401 
1567281115957    -76.284      8.474     -1.422 
1567281116365    -78.579      8.649     -1.410 
1567281116773    -80.848      8.815     -1.398 
1567281117181    -83.064      9.030     -1.409 
1567281117589    -85.217      9.361     -1.433 
1567281117997    -87.370      9.748     -1.422 
1567281118405    -89.492     10.273     -1.431 
1567281118813    -91.531     10.955     -1.455 
1567281119221    -93.416     11.811     -1.449 
1567281119629    -95.146     12.981     -1.492 
1567281120037    -96.739     14.412     -1.541 
1567281120445    -98.163     16.093     -1.647 
1567281120853    -99.419     17.990     -1.725 
1567281121261   -100.586     20.078     -1.799 
1567281121669   -101.776     22.368     -1.932 
1567281122077   -102.925     24.811     -2.085 
1567281122383   -103.779     26.665     -2.184 
1567281122689   -104.640     28.560     -2.284 
1567281122995   -105.513     30.445     -2.398 
1567281123301   -106.456     32.449     -2.511 
1567281123607   -107.444     34.447     -2.626 
1567281123913   -108.489     36.523     -2.729 
1567281124219   -109.609     38.567     -2.874 
1567281124525   -110.739     40.715     -3.110 
1567281124831   -111.921     42.851     -3.443 
1567281125137   -113.267     45.032     -3.646 
1567281125443   -114.697     47.143     -3.911 
1567281125749   -116.227     49.293     -4.130 
1567281126055   -117.808     51.342     -4.361 
1567281126361   -119.488     53.417     -4.553 
1567281126667   -121.191     55.446     -4.748 
1567281126973   -123.009     57.562     -4.962 
1567281127279   -124.792     59.544     -5.151 
1567281127585   -126.626     61.533     -5.337 
1567281127891   -128.359     63.353     -5.520 
1567281128197   -130.180     65.287     -5.680 
1567281128503   -132.056     67.063     -5.830 
1567281128809   -133.984     68.822     -5.996 
1567281129115   -135.886     70.462     -6.114 
1567281129421   -137.815     72.057     -6.243 
1567281129727   -139.779     73.487     -6.378 
1567281130033   -141.726     74.787     -6.557 
1567281130339   -143.654     75.927     -6.701 
1567281130645   -145.696     77.000     -6.841 
1567281130951   -147.615     77.853     -6.968 
1567281131257   -149.658     78.617     -7.098 
1567281131563   -151.597     79.177     -7.179 
1567281131869   -153.613     79.644     -7.248 
1567281132277   -156.194     80.097     -7.343 
1567281132685   -158.786     80.296     -7.443 
1567281133093   -161.356     80.334     -7.557 
1567281133501   -163.910     80.131     -7.580 
1567281133909   -166.502     79.725     -7.631 
1567281134317   -168.984     79.095     -7.645 
1567281134725   -171.376     78.169     -7.640 
1567281135133   -173.599     77.068     -7.678 
1567281135541   -175.702     75.677     -7.717 
1567281135949   -177.655     74.141     -7.739 
1567281136357   -179.397     72.475     -7.769 
1567281136765   -180.769     70.616     -7.760 
1567281137173   -181.919     68.600     -7.724 
1567281137581   -182.792     66.456     -7.750 
1567281137989   -183.396     64.198     -7.768 
1567281138397   -183.760     61.853     -7.793 
1567281138805   -184.024     59.418     -7.791 
1567281139213   -184.207     56.895     -7.776 
1567281139621   -184.348     54.126     -7.769 
1567281139927   -184.432     52.033     -7.758 
1567281140233   -184.551     49.764     -7.738 
1567281140539   -184.680     47.514     -7.719 
1567281140845   -184.837     45.007     -7.681 
1567281141151   -184.979     42.529     -7.631 
1567281141457   -185.166     39.893     -7.590 
1567281141763   -185.369     37.288     -7.536 
1567281142069   -185.582     34.568     -7.464 
1567281142375   -185.812     31.764     -7.400 
1567281142681   -186.041     28.800     -7.335 
1567281142884   -186.196     26.793     -7.279 
1567281143088   -186.343     24.757     -7.220 
1567281143293   -186.498     22.703     -7.156 
1567281143497   -186.649     20.646     -7.079 
1567281143701   -186.801     18.598     -7.003 
1567281143904   -186.959     16.515     -6.913 
1567281144109   -187.110     14.480     -6.813 
1567281144312   -187.260     12.441     -6.717 
1567281144516   -187.412     10.379     -6.606 
1567281144720   -187.560      8.338     -6.495 
1567281144925   -187.704      6.332     -6.404 
1567281145128   -187.845      4.293     -6.322 
1567281145332   -187.982      2.290     -6.236 
1567281145536   -188.129      0.182     -6.145 
1567281145740   -188.266     -1.844     -6.081 
1567281145944   -188.425     -4.044     -6.015 
1567281146149   -188.578     -6.198     -5.937 
1567281146352   -188.727     -8.303     -5.872 
1567281146556   -188.872    -10.409     -5.840 
1567281146761   -189.007    -12.468     -5.798 
1567281146964   -189.146    -14.531     -5.763 
1567281147168   -189.300    -16.615     -5.735 
1567281147372   -189.449    -18.681     -5.714 
1567281147576   -189.588    -20.712     -5.696 
1567281147780   -189.715    -22.791     -5.688 
1567281147984   -189.850    -24.860     -5.584 
1567281148188   -190.026    -26.926     -5.542 
1567281148392   -190.171    -28.982     -5.482 
1567281148596   -190.311    -30.990     -5.475 
1567281148800   -190.490    -33.031     -5.452 
1567281149004   -190.678    -35.024     -5.413 
1567281149208   -190.830    -37.051     -5.369 
1567281149412   -190.966    -39.086     -5.333 
1567281149616   -191.112    -41.096     -5.340 
1567281149820   -191.258    -43.129     -5.329 
1567281150024   -191.411    -45.152     -5.312 
1567281150228   -191.542    -47.222     -5.291 
1567281150432   -191.661    -49.305     -5.277 
1567281150636   -191.767    -51.327     -5.250 
1567281150840   -191.851    -53.391     -5.225 
1567281151044   -191.913    -55.404     -5.213 
1567281151248   -191.969    -57.489     -5.168 
1567281151452   -192.014    -59.517     -5.135 
1567281151656   -192.052    -61.569     -5.071 
1567281151860   -192.090    -63.593     -5.058 
1567281152166   -192.099    -66.510     -4.997 
1567281152472   -192.036    -69.435     -4.931 
1567281152778   -191.904    -72.270     -4.899 
1567281153084   -191.717    -75.112     -4.842 
1567281153390   -191.534    -77.822     -4.776 
1567281153696   -191.371    -80.638     -4.701 
1567281154002   -191.241    -83.209     -4.650 
1567281154308   -191.167    -85.811     -4.579 
1567281154614   -191.143    -88.258     -4.513 
1567281154920   -191.157    -90.734     -4.433 
1567281155226   -191.170    -93.030     -4.369 
1567281155532   -191.210    -95.407     -4.310 
1567281155838   -191.257    -97.478     -4.256 
1567281156144   -191.332    -99.715     -4.203 
1567281156552   -191.439   -102.393     -4.114 
1567281156960   -191.550   -104.692     -4.036 
1567281157368   -191.637   -106.712     -3.978 
1567281157878   -191.685   -108.865     -3.916 
1567281158592   -191.683   -111.108     -3.852 
1567281159918   -191.640   -113.195     -3.776 
1567281169404   -191.549   -115.198     -3.662 
1567281170730   -191.356   -117.195     -3.581 
1567281171546   -190.942   -119.174     -3.507 
1567281172260   -190.101   -121.016     -3.462 
1567281172872   -188.666   -122.723     -3.501 
1567281173484   -186.800   -124.049     -3.602 
1567281174096   -184.738   -125.024     -3.675 
1567281174606   -182.625   -125.597     -3.815 
1567281175116   -180.172   -125.779     -3.937 
1567281175524   -178.069   -125.776     -4.049 
1567281175932   -175.844   -125.519     -4.133 
1567281176340   -173.548   -125.031     -4.142 
1567281176748   -171.185   -124.493     -4.220 
1567281177156   -168.746   -123.852     -4.317 
1567281177564   -166.261   -123.196     -4.361 
1567281177870   -164.280   -122.699     -4.374 
1567281178176   -162.300   -122.200     -4.385 
1567281178482   -160.207   -121.709     -4.407 
1567281178788   -158.114   -121.157     -4.393 
1567281179094   -155.998   -120.612     -4.411 
1567281179400   -153.842   -119.996     -4.403 
1567281179706   -151.577   -119.272     -4.414 
1567281180012   -149.355   -118.397     -4.401 
1567281180318   -147.180   -117.372     -4.454 
1567281180624   -145.087   -116.240     -4.434 
1567281180930   -143.099   -115.028     -4.510 
1567281181236   -141.109   -113.705     -4.499 
1567281181542   -139.148   -112.302     -4.558 
1567281181848   -137.302   -110.784     -4.585 
1567281182154   -135.433   -109.175     -4.630 
1567281182460   -133.657   -107.564     -4.641 
1567281182766   -131.943   -105.867     -4.697 
1567281183072   -130.309   -104.188     -4.732 
1567281183378   -128.612   -102.399     -4.776 
1567281183684   -127.013   -100.611     -4.811 
1567281183990   -125.397    -98.690     -4.839 
1567281184296   -123.904    -96.875     -4.884 
1567281184602   -122.343    -94.852     -4.928 
1567281184908   -120.889    -92.916     -4.945 
1567281185214   -119.377    -90.838     -4.982 
1567281185520   -117.928    -88.773     -5.033 
1567281185826   -116.456    -86.647     -5.042 
1567281186132   -115.095    -84.531     -5.064 
1567281186438   -113.677    -82.337     -5.110 
1567281186744   -112.331    -80.123     -5.151 
1567281187050   -111.029    -77.832     -5.176 
1567281187356   -109.804    -75.556     -5.207 
1567281187662   -108.587    -73.226     -5.231 
1567281187968   -107.446    -70.871     -5.297 
1567281188274   -106.335    -68.450     -5.320 
1567281188580   -105.268    -66.052     -5.317 
1567281188886   -104.210    -63.578     -5.312 
1567281189192   -103.219    -61.158     -5.332 
1567281189498   -102.239    -58.601     -5.342 
1567281189804   -101.333    -56.146     -5.328 
1567281190110   -100.449    -53.563     -5.321 
1567281190416    -99.670    -51.110     -5.326 
1567281190722    -98.932    -48.605     -5.325 
1567281191028    -98.246    -46.222     -5.378 
1567281191334    -97.616    -43.916     -5.400 
1567281191640    -97.036    -41.787     -5.435 
1567281191946    -96.439    -39.663     -5.481 
1567281192252    -95.903    -37.710     -5.518 
1567281192660    -95.204    -35.283     -5.582 
1567281193068    -94.514    -33.049     -5.635 
1567281193476    -93.870    -31.026     -5.701 
1567281193986    -93.109    -28.740     -5.749 
1567281194496    -92.255    -26.511     -5.806 
1567281195006    -91.274    -24.466     -5.858 
1567281195516    -90.096    -22.501     -5.911 
1567281196026    -88.641    -20.587     -5.990 
1567281196536    -86.954    -18.810     -6.050 
1567281196944    -85.393    -17.548     -6.101 
1567281197352    -83.729    -16.409     -6.142 
1567281197862    -81.602    -15.171     -6.186 
1567281198372    -79.600    -14.131     -6.232 
1567281198984    -77.505    -13.041     -6.284 
1567281199800    -75.529    -12.000     -6.304 
1567281200820    -73.719    -11.074     -6.327 
1567281201636    -71.888    -10.212     -6.358 
1567281202350    -70.023     -9.290     -6.402 
1567281203064    -68.248     -8.313     -6.435 
1567281203880    -66.483     -7.023     -6.466 
1567281204696    -65.103     -5.406     -6.522 
1567281205512    -64.372     -3.544     -6.567 
1567281206430    -64.355     -1.322     -6.626 
1567281207144    -65.060      0.699     -6.676 
1567281207756    -66.324      2.486     -6.704 
1567281208266    -68.032      3.795     -6.726 
1567281208776    -70.132      4.753     -6.735 
1567281209286    -72.467      5.387     -6.739 
1567281209694    -74.546      5.737     -6.732 
1567281210102    -76.768      5.938     -6.730 
1567281210510    -78.981      6.043     -6.733 
1567281210918    -81.174      6.104     -6.737 
1567281211326    -83.349      6.102     -6.737 
1567281211734    -85.528      6.062     -6.745 
1567281212142    -87.618      5.947     -6.761 
1567281212652    -90.035      5.641     -6.758 
1567281213162    -92.167      5.056     -6.735 
1567281213774    -94.297      4.103     -6.734 
1567281214386    -96.085      2.768     -6.671 
1567281214998    -97.456      1.100     -6.611 
1567281215610    -98.346     -0.850     -6.520 
1567281216324    -98.799     -3.131     -6.417 
1567281216936    -98.851     -5.365     -6.337 
1567281217446    -98.734     -7.482     -6.289 
1567281217956    -98.518     -9.854     -6.239 
1567281218364    -98.353    -11.980     -6.194 
1567281218772    -98.239    -14.207     -6.142 
1567281219180    -98.174    -16.434     -6.099 
1567281219588    -98.163    -18.739     -6.090 
1567281219996    -98.338    -21.029     -6.071 
1567281220404    -98.633    -23.286     -6.067 
1567281220812    -99.037    -25.605     -6.039 
1567281221220    -99.517    -27.951     -6.031 
1567281221628   -100.015    -30.392     -6.019 
1567281222036   -100.507    -32.947     -6.032 
1567281222342   -100.879    -34.963     -6.028 
1567281222648   -101.232    -37.104     -6.051 
1567281222954   -101.589    -39.290     -6.074 
1567281223260   -101.975    -41.580     -6.085 
1567281223566   -102.387    -43.903     -6.136 
1567281223872   -102.846    -46.275     -6.199 
1567281224178   -103.353    -48.640     -6.279 
1567281224484   -103.939    -51.069     -6.351 
1567281224790   -104.606    -53.421     -6.415 
1567281225096   -105.386    -55.734     -6.471 
1567281225402   -106.218    -57.958     -6.531 
1567281225708   -107.190    -60.261     -6.587 
1567281226014   -108.236    -62.477     -6.658 
1567281226320   -109.368    -64.755     -6.702 
1567281226626   -110.583    -66.909     -6.795 
1567281226932   -111.810    -69.066     -6.824 
1567281227238   -113.050    -71.114     -6.860 
1567281227544   -114.243    -73.244     -6.864 
1567281227850   -115.392    -75.314     -6.911 
1567281228156   -116.508    -77.378     -6.878 
1567281228462   -117.597    -79.345     -6.958 
1567281228768   -118.675    -81.319     -6.971 
1567281229074   -119.674    -83.184     -6.972 
1567281229380   -120.783    -85.049     -6.957 
1567281229686   -121.885    -86.813     -6.959 
1567281229992   -123.078    -88.529     -6.968 
1567281230400   -124.716    -90.654     -6.992 
1567281230808   -126.440    -92.678     -6.992 
1567281231114   -127.886    -94.153     -7.011 
1567281231420   -129.420    -95.712     -7.031 
1567281231726   -131.048    -97.152     -7.041 
1567281232032   -132.835    -98.729     -7.081 
1567281232338   -134.661   -100.227     -7.113 
1567281232644   -136.532   -101.840     -7.098 
1567281232950   -138.442   -103.399     -7.116 
1567281233256   -140.411   -105.012     -7.164 
1567281233562   -142.372   -106.588     -7.178 
1567281233868   -144.403   -108.127     -7.165 
1567281234174   -146.409   -109.512     -7.185 
1567281234480   -148.374   -110.839     -7.181 
1567281234786   -150.357   -112.120     -7.236 
1567281235092   -152.387   -113.301     -7.197 
1567281235398   -154.343   -114.375     -7.261 
1567281235704   -156.306   -115.323     -7.293 
1567281236010   -158.123   -116.196     -7.293 
1567281236418   -160.536   -117.143     -7.319 
1567281236826   -162.768   -117.929     -7.366 
1567281237234   -164.942   -118.498     -7.391 
1567281237744   -167.386   -118.959     -7.447 
1567281238254   -169.544   -119.235     -7.487 
1567281238866   -171.831   -119.330     -7.534 
1567281239478   -173.860   -119.178     -7.559 
1567281240192   -175.949   -118.859     -7.587 
1567281241110   -178.097   -118.351     -7.594 
1567281242130   -180.153   -117.670     -7.609 
1567281242946   -182.109   -116.738     -7.588 
1567281243660   -183.876   -115.493     -7.586 
1567281244272   -185.321   -113.940     -7.581 
1567281244884   -186.290   -111.867     -7.599 
1567281245394   -186.682   -109.781     -7.666 
1567281245904   -186.624   -107.379     -7.744 
1567281246312   -186.375   -105.381     -7.808 
1567281246720   -185.998   -103.197     -7.892 
1567281247128   -185.619   -100.947     -7.974 
1567281247536   -185.462    -98.780     -8.028 
1567281247944   -185.379    -96.522     -8.092 
1567281248352   -185.400    -94.250     -8.117 
1567281248760   -185.381    -91.869     -8.135 
1567281249168   -185.312    -89.399     -8.161 
1567281249576   -185.216    -86.883     -8.170 
1567281249984   -185.079    -84.492     -8.215 
1567281250902   -184.939    -82.443     -8.158 
1567281251310   -184.723    -79.654     -8.223 
1567281251616   -184.566    -77.599     -8.256 
1567281251922   -184.429    -75.377     -8.295 
1567281252228   -184.302    -73.252     -8.340 
1567281252534   -184.172    -70.968     -8.384 
1567281252840   -184.034    -68.768     -8.418 
1567281253146   -183.915    -66.530     -8.450 
1567281253452   -183.766    -64.475     -8.473 
1567281253758   -183.615    -62.270     -8.505 
1567281254064   -183.497    -60.256     -8.517 
1567281277320   -182.172    -58.380     -8.616 
1567281277830   -181.306    -56.084     -8.680 
1567281278340   -180.191    -53.884     -8.737 
1567281278748   -179.021    -52.246     -8.777 
1567281279156   -177.443    -50.825     -8.777 
1567281279564   -175.772    -49.588     -8.810 
1567281279972   -173.756    -48.710     -8.820 
1567281280380   -171.667    -48.240     -8.750 
1567281280788   -169.423    -48.062     -8.711 
1567281281196   -167.178    -48.207     -8.662 
1567281281604   -164.763    -48.561     -8.588 
1567281282012   -162.360    -49.128     -8.506 
1567281282318   -160.393    -49.689     -8.426 
1567281282624   -158.472    -50.360     -8.335 
1567281282930   -156.434    -51.184     -8.239 
1567281283236   -154.462    -52.056     -8.134 
1567281283542   -152.346    -53.096     -8.010 
1567281283848   -150.278    -54.129     -7.973 
1567281284154   -148.179    -55.362     -7.886 
1567281284460   -146.103    -56.646     -7.803 
1567281284766   -143.923    -58.163     -7.695 
1567281285072   -141.882    -59.687     -7.601 
1567281285378   -139.781    -61.362     -7.468 
1567281285684   -137.843    -63.049     -7.361 
1567281285990   -135.909    -64.858     -7.203 
1567281286296   -134.076    -66.614     -7.065 
1567281286602   -132.295    -68.395     -6.918 
1567281286908   -130.643    -70.087     -6.775 
1567281287214   -129.032    -71.810     -6.656 
1567281287520   -127.628    -73.374     -6.516 
1567281287826   -126.312    -74.887     -6.390 
1567281288234   -124.824    -76.661     -6.231 
1567281288642   -123.510    -78.280     -6.092 
1567281289152   -122.230    -79.914     -6.048 
1567281289764   -120.910    -81.664     -5.966 
1567281290376   -119.748    -83.305     -5.931 
1567281290988   -118.545    -85.061     -5.878 
1567281291600   -117.315    -86.913     -5.824 
1567281292212   -116.218    -88.677     -5.790 
1567281292926   -115.200    -90.412     -5.755 
1567281293844   -114.228    -92.177     -5.736 
1567281295170   -113.214    -94.054     -5.690 
1567281296598   -112.268    -95.875     -5.652 
1567281298128   -111.452    -97.763     -5.636 
1567281299352   -110.692    -99.737     -5.625 
1567281300474   -109.873   -101.748     -5.622 
1567281302412   -109.018   -103.636     -5.628 
1567281304656   -107.763   -105.300     -5.589 
1567281306288   -106.229   -106.604     -5.562 
1567281307308   -104.541   -108.024     -5.537 
1567281308022   -103.046   -109.500     -5.525 
1567281308634   -101.708   -111.091     -5.542 
1567281309246   -100.562   -113.021     -5.600 
1567281309756    -99.818   -115.008     -5.603 
1567281310266    -99.290   -116.992     -5.589 
1567281310776    -98.820   -118.989     -5.613 
1567281311286    -98.223   -120.978     -5.595 
1567281311898    -97.222   -123.134     -5.584 
1567281312510    -95.849   -124.935     -5.615 
1567281313122    -94.105   -126.379     -5.635 
1567281313734    -91.931   -127.317     -5.694 
1567281314244    -89.876   -127.694     -5.801 
1567281314754    -87.647   -127.559     -5.819 
1567281315264    -85.249   -126.917     -5.827 
1567281315672    -83.325   -126.157     -5.830 
1567281316080    -81.341   -125.289     -5.840 
1567281316488    -79.241   -124.275     -5.881 
1567281316896    -77.022   -123.140     -5.839 
1567281317304    -74.763   -121.999     -5.843 
1567281317712    -72.424   -120.792     -5.808 
1567281318018    -70.600   -119.890     -5.790 
1567281318324    -68.695   -118.971     -5.749 
1567281318630    -66.786   -118.113     -5.708 
1567281318936    -64.814   -117.302     -5.677 
1567281319242    -62.855   -116.542     -5.654 
1567281319548    -60.811   -115.819     -5.644 
1567281319854    -58.760   -115.199     -5.636 
1567281320160    -56.625   -114.628     -5.585 
1567281320466    -54.547   -114.135     -5.571 
1567281320772    -52.468   -113.651     -5.527 
1567281321078    -50.449   -113.237     -5.513 
1567281321384    -48.431   -112.813     -5.492 
1567281321690    -46.444   -112.358     -5.481 
1567281321996    -44.425   -111.871     -5.433 
1567281322302    -42.439   -111.355     -5.401 
1567281322608    -40.463   -110.809     -5.348 
1567281323016    -37.878   -110.015     -5.310 
1567281323322    -35.965   -109.393     -5.270 
1567281323628    -33.987   -108.759     -5.242 
1567281323934    -32.042   -108.134     -5.198 
1567281324240    -30.073   -107.530     -5.148 
1567281324648    -27.564   -106.796     -5.096 
1567281325056    -25.092   -106.123     -5.052 
1567281325464    -22.653   -105.413     -4.985 
1567281325872    -20.338   -104.711     -4.920 
1567281326280    -18.154   -104.094     -4.875 
1567281326688    -16.110   -103.525     -4.830 
1567281327198    -13.893   -102.906     -4.748 
1567281327810    -11.691   -102.266     -4.675 
1567281328524     -9.634   -101.680     -4.631 
