1567284401973     -0.000      0.000     -0.000 
1567284406359     10.454      0.146      0.123 
1567284407889     20.237     -3.066      0.186 
1567284409317     30.106     -6.486      0.361 
1567284411051     40.241     -5.852      0.565 
1567284413397     48.049      0.935      0.482 
1567284415437     50.321     11.059      0.141 
1567284417171     45.916     20.477      0.136 
1567284418803     37.004     25.718     -0.144 
1567284420333     26.837     24.662     -0.245 
1567284421659     17.451     20.399     -0.227 
1567284422985      7.588     16.684     -0.278 
1567284424209     -2.574     14.374     -0.301 
1567284425331    -13.593     13.615     -0.362 
1567284426351    -24.638     13.135     -0.393 
1567284427269    -35.185     13.038     -0.405 
1567284428187    -45.867     13.276     -0.433 
1567284429105    -56.107     13.775     -0.454 
1567284430125    -66.165     14.979     -0.485 
1567284431451    -76.213     17.144     -0.481 
1567284432981    -86.035     20.566     -0.483 
1567284434613    -94.277     26.734     -0.573 
1567284436245    -99.600     35.362     -0.777 
1567284437673   -102.996     45.301     -1.159 
1567284438897   -106.437     55.540     -1.743 
1567284440019   -111.008     65.471     -2.582 
1567284441039   -116.310     74.385     -3.290 
1567284442059   -122.118     83.124     -3.868 
1567284443283   -129.074     91.374     -4.429 
1567284444813   -137.237     97.852     -4.951 
1567284457665   -146.344    102.023     -5.232 
1567284460623   -156.037    104.725     -5.237 
1567284463071   -166.156    106.619     -5.137 
1567284464499   -177.005    107.477     -5.001 
1567284465519   -186.973    108.525     -5.042 
1567284466437   -197.286    109.745     -5.054 
1567284467355   -208.476    111.099     -5.053 
1567284468171   -218.548    112.359     -4.976 
1567284468987   -228.478    113.603     -4.674 
1567284469905   -238.528    114.817     -4.230 
1567284470925   -248.591    116.102     -3.771 
1567284472149   -258.909    117.185     -3.226 
1567284473679   -268.830    118.384     -2.709 
1567284476025   -279.035    119.531     -1.995 
1567284483471   -289.138    120.952     -1.356 
1567284485613   -299.129    122.121     -0.654 
1567284487143   -309.160    123.279      0.306 
1567284488469   -319.833    124.018      1.190 
1567284489693   -330.539    125.153      2.160 
1567284490917   -340.755    126.581      3.286 
1567284492450   -350.928    127.806      4.348 
1567284496017   -360.867    128.908      5.240 
1567284496119   -360.949    128.917      5.248 
1567284501525   -370.604    125.560      5.931 
1567284503055   -375.040    116.211      5.873 
1567284504177   -378.051    106.666      5.818 
1567284505197   -380.753     96.516      5.773 
1567284506217   -383.063     85.874      5.823 
1567284507237   -385.378     75.604      5.953 
1567284508257   -387.645     65.444      6.098 
1567284509175   -389.742     55.624      6.237 
1567284510093   -391.827     45.792      6.468 
1567284511011   -394.082     35.898      6.828 
1567284512031   -396.645     25.275      7.247 
1567284513051   -399.190     14.661      7.625 
1567284514071   -400.895      3.928      7.977 
1567284515091   -402.317     -6.763      8.406 
1567284516111   -403.802    -17.061      9.068 
1567284517233   -405.316    -27.501      9.862 
1567284518559   -406.461    -38.157     10.605 
1567284520089   -406.980    -48.141     11.383 
1567284564050   -406.268    -58.257     12.061 
1567284567518   -404.943    -68.274     12.669 
1567284571496   -397.288    -74.814     12.500 
1567284621272   -386.888    -76.029     11.749 
1567284622802   -376.314    -77.834     11.151 
1567284624026   -365.824    -79.576     10.612 
1567284625046   -355.784    -81.120     10.218 
1567284625964   -345.827    -82.653      9.912 
1567284626882   -335.497    -84.444      9.705 
1567284627800   -325.526    -86.220      9.608 
1567284628820   -314.913    -88.050      9.353 
1567284629840   -304.855    -89.968      9.227 
1567284630962   -294.439    -92.047      9.227 
1567284632084   -284.596    -94.197      9.198 
1567284633308   -274.461    -96.333      9.137 
1567284634634   -264.229    -98.320      9.059 
1567284636062   -254.172   -100.045      9.021 
1567284638102   -244.095   -101.770      9.069 
1567284677984   -234.160   -102.927      9.011 
1567284680432   -223.964   -103.644      9.068 
1567284682370   -213.993   -100.592      8.465 
1567284684002   -208.151    -91.942      7.396 
1567284685430   -205.562    -81.346      6.359 
1567284686654   -203.018    -71.122      5.485 
1567284687980   -200.317    -60.666      4.652 
1567284689408   -197.688    -51.005      3.885 
1567284691652   -195.039    -41.011      3.138 
1567284694406   -192.261    -31.050      2.385 
1567284696752   -189.398    -20.881      1.657 
1567284698486   -186.580    -10.618      0.804 
1567284699812   -183.706     -0.971     -0.021 
1567284701036   -180.968      8.861     -0.892 
1567284702158   -178.758     18.773     -1.717 
1567284703280   -176.860     28.956     -2.514 
1567284704402   -174.824     38.889     -3.264 
1567284705626   -172.193     49.129     -4.082 
1567284707054   -169.413     59.173     -4.818 
1567284725414   -166.511     68.969     -5.511 
1567284728168   -163.998     79.021     -6.198 
1567284730208   -165.821     89.287     -6.783 
1567284732044   -173.427     96.570     -7.470 
1567284733676   -183.114     99.749     -8.065 
1567284735104   -193.237    101.912     -8.562 
1567284736532   -203.766    104.078     -9.089 
1567284737960   -214.054    106.694     -9.486 
1567284739490   -224.022    109.076     -9.675 
1567284741020   -234.453    111.577     -9.736 
1567284742346   -244.376    113.828     -9.734 
1567284743774   -254.745    116.213     -9.719 
1567284745304   -264.951    118.674     -9.556 
1567284747548   -274.937    121.029     -9.434 
1567284787837   -284.853    123.448     -9.431 
1567284789775   -294.913    125.990     -9.118 
1567284791305   -304.750    127.868     -8.759 
1567284792733   -314.986    129.951     -8.305 
1567284794263   -325.357    132.297     -7.887 
1567284796711   -335.231    134.444     -7.308 
1567284808339   -345.299    136.730     -6.768 
1567284819967   -355.234    138.276     -6.234 
1567284822721   -363.508    131.996     -5.884 
1567284824149   -368.213    122.712     -5.693 
1567284825373   -371.558    112.297     -5.473 
1567284826393   -373.884    102.354     -5.112 
1567284827413   -376.672     91.885     -4.625 
1567284828433   -379.422     81.771     -4.112 
1567284829555   -382.228     71.993     -3.596 
1567284830983   -385.154     62.245     -3.000 
1567284833023   -387.996     52.654     -2.325 
1567284855871   -389.785     42.652     -1.620 
1567284859033   -385.956     33.103     -1.173 
1567284861277   -376.820     28.665     -1.339 
1567284863419   -367.111     26.211     -1.466 
1567284923293   -357.043     23.436     -1.652 
1567284925027   -347.276     20.909     -1.692 
1567284926353   -337.526     18.365     -1.748 
1567284927679   -327.175     15.761     -1.582 
1567284929107   -317.459     13.325     -1.137 
1567284931351   -307.801     10.647     -0.590 
1567284938389   -297.758      7.745     -0.115 
1567284940021   -287.562      5.019      0.405 
1567284941245   -277.261      2.415      0.857 
1567284942367   -266.659     -0.452      1.342 
1567284943387   -256.944     -3.142      1.767 
1567284944509   -246.852     -6.297      2.177 
1567284945733   -236.998     -9.589      2.666 
1567284947569   -226.957    -12.205      3.229 
1567284952465   -217.251    -14.623      3.759 
1567284970621   -207.360    -16.369      4.239 
1567284973069   -197.251    -14.433      4.337 
1567284974905   -189.846     -6.888      3.862 
1567284976741   -185.336      2.410      3.160 
1567284978373   -182.097     12.150      2.390 
1567284980209   -178.605     21.997      1.670 
1567284982045   -175.179     31.486      1.000 
1567284984187   -171.490     41.174      0.362 
1567284986125   -167.998     50.870     -0.245 
1567284988062   -164.382     60.571     -0.830 
1567284992346   -160.473     69.840     -1.324 
1567284996120   -152.288     75.633     -1.307 
1567284999282   -142.306     76.981     -0.668 
1567285001730   -132.852     73.850      0.659 
1567285003362   -125.140     66.628      2.272 
1567285004790   -119.239     58.103      3.834 
1567285006218   -115.272     48.457      5.379 
1567285007646   -112.236     38.332      7.021 
1567285008972   -109.929     28.644      8.639 
1567285010604   -108.265     18.456     10.043 
1567285013970   -107.301      8.486     11.116 
1567285020294   -107.737     -1.655     12.019 
1567285024374   -108.715    -11.699     12.898 
1567285027026   -110.520    -21.868     13.731 
1567285029780   -108.046    -31.652     14.594 
1567285032738    -98.327    -34.620     15.227 
1567285035492    -88.032    -33.966     15.971 
1567285038756    -77.739    -32.703     16.628 
1567285040796    -67.515    -32.327     17.359 
1567285042326    -56.908    -33.344     18.268 
1567285043652    -46.654    -35.194     19.286 
1567285045080    -36.416    -37.954     20.485 
1567285046712    -26.711    -40.712     21.616 
1567285049262    -16.847    -42.927     22.817 
