1567283573533      0.000      0.000     -0.000 
1567283578327     10.141      0.544      0.092 
1567283580163     19.902     -2.200      0.125 
1567283581999     29.872     -5.141      0.280 
1567283584039     39.903     -5.194      0.501 
1567283586079     48.140      1.377      0.476 
1567283587915     51.101     11.416      0.236 
1567283589751     47.364     20.956      0.099 
1567283591485     39.023     26.696     -0.044 
1567283593117     28.489     26.053     -0.229 
1567283594545     19.379     21.516     -0.204 
1567283595871     10.499     16.808     -0.224 
1567283597197      0.388     13.820     -0.299 
1567283598421     -9.670     12.520     -0.300 
1567283599543    -19.721     11.983     -0.363 
1567283600665    -30.775     11.451     -0.367 
1567283601685    -41.503     11.152     -0.374 
1567283602705    -52.409     11.321     -0.411 
1567283603725    -62.715     11.726     -0.408 
1567283604949    -72.997     12.271     -0.322 
1567283606683    -83.327     13.742     -0.238 
1567283613415    -92.833     16.866     -0.200 
1567283619025    -99.628     24.333     -0.371 
1567283621983   -104.261     33.194     -0.659 
1567283623717   -106.525     43.033     -1.108 
1567283625043   -109.992     53.057     -1.796 
1567283626165   -115.006     61.910     -2.573 
1567283627287   -121.127     70.646     -3.248 
1567283628409   -127.419     78.714     -3.743 
1567283629633   -134.858     86.546     -4.204 
1567283630857   -143.848     92.171     -4.744 
1567283632081   -154.172     95.348     -4.876 
1567283633203   -164.205     96.927     -4.808 
1567283634325   -174.884     98.059     -4.575 
1567283635345   -185.470     99.208     -4.548 
1567283636263   -195.816    100.036     -4.512 
1567283637181   -206.888    100.938     -4.503 
1567283637997   -216.963    101.740     -4.440 
1567283638813   -226.971    102.492     -4.229 
1567283639731   -237.577    103.340     -3.813 
1567283640751   -248.166    104.161     -3.278 
1567283641975   -258.844    104.803     -2.766 
1567283643301   -268.843    105.527     -2.222 
1567283644933   -279.265    106.234     -1.482 
1567283646565   -289.211    107.198     -0.794 
1567283648401   -299.332    108.045     -0.109 
1567283681143   -309.448    108.955      0.826 
1567283682877   -319.604    109.687      1.822 
1567283684203   -329.791    110.162      2.898 
1567283685529   -340.463    110.782      3.914 
1567283687059   -350.436    111.511      5.030 
1567283697972   -360.383    112.112      6.103 
1567283709294   -370.532    110.104      7.064 
1567283711232   -377.015    101.733      7.345 
1567283712660   -380.677     91.809      7.268 
1567283713884   -382.921     81.437      7.093 
1567283715006   -384.878     70.778      7.108 
1567283716026   -386.651     60.383      7.197 
1567283717046   -388.328     50.225      7.311 
1567283718270   -390.119     39.750      7.412 
1567283720004   -391.862     29.535      7.540 
1567283752848   -393.695     19.642      7.821 
1567283755500   -395.517      9.661      8.110 
1567283757030   -396.887     -0.649      8.290 
1567283758254   -397.563    -10.703      8.476 
1567283759376   -397.717    -20.745      8.614 
1567283760498   -398.774    -30.965      9.125 
1567283761620   -400.344    -41.260      9.824 
1567283762742   -401.974    -51.468     10.506 
1567283763966   -402.666    -62.226     11.141 
1567283765292   -401.937    -72.596     11.738 
1567283766924   -400.085    -82.808     12.433 
1567283769678   -396.002    -92.130     12.596 
1567283820474   -386.067    -94.186     11.862 
1567283822616   -375.815    -94.722     11.105 
1567283824146   -365.823    -95.926     10.478 
1567283825472   -355.749    -97.206      9.959 
1567283826696   -345.316    -98.383      9.533 
1567283827818   -334.875    -99.768      9.236 
1567283828838   -324.868   -100.986      8.996 
1567283829960   -314.249   -102.294      8.820 
1567283831082   -303.383   -103.752      8.579 
1567283832204   -292.669   -104.992      8.400 
1567283833326   -282.254   -106.146      8.343 
1567283834448   -272.251   -107.367      8.249 
1567283835672   -262.271   -108.831      8.240 
1567283837304   -252.041   -110.243      8.173 
1567283840466   -242.079   -111.484      8.219 
1567283875758   -232.158   -112.745      8.384 
1567283883918   -222.122   -113.786      8.472 
1567283886774   -211.909   -112.584      8.398 
1567283889120   -203.223   -106.934      7.665 
1567283890956   -199.707    -97.299      6.710 
1567283892384   -197.558    -86.793      5.895 
1567283893608   -195.318    -76.071      5.195 
1567283894730   -192.991    -65.483      4.488 
1567283895750   -190.692    -55.485      3.866 
1567283896770   -188.391    -45.414      3.242 
1567283897790   -186.246    -35.428      2.586 
1567283898912   -183.715    -25.127      1.874 
1567283900034   -181.309    -15.048      1.160 
1567283901156   -179.033     -5.071      0.330 
1567283902380   -176.872      5.626     -0.555 
1567283903604   -175.666     15.796     -1.314 
1567283904930   -174.716     25.877     -2.062 
1567283906460   -173.040     35.748     -2.829 
1567283908602   -170.836     45.537     -3.504 
1567283928389   -168.375     55.242     -4.187 
1567283932061   -165.902     65.227     -4.838 
1567283934611   -164.261     75.306     -5.395 
1567283936651   -167.884     84.789     -5.868 
1567283938283   -176.309     90.256     -6.436 
1567283939711   -186.251     92.762     -7.044 
1567283941037   -196.106     94.502     -7.535 
1567283942567   -206.337     96.273     -8.039 
1567283944913   -216.133     98.289     -8.438 
1567283947769   -226.140    100.405     -8.596 
1567283949605   -235.977    102.411     -8.693 
1567283951033   -245.883    104.086     -8.735 
1567283952359   -256.130    105.977     -8.742 
1567283953685   -266.083    107.795     -8.641 
1567283955419   -276.366    109.730     -8.477 
1567283960417   -286.167    111.733     -8.345 
1567283982959   -296.167    113.982     -8.068 
1567283985101   -306.614    115.678     -7.594 
1567283986631   -316.775    117.276     -7.082 
1567283987957   -326.701    118.941     -6.630 
1567283989385   -337.090    120.982     -6.003 
1567283991017   -347.296    122.885     -5.414 
1567283999993   -357.222    124.390     -4.888 
1567284004277   -365.617    118.910     -4.510 
1567284007337   -369.772    109.672     -4.415 
1567284009173   -372.062     99.863     -4.340 
1567284010703   -375.062     89.980     -4.086 
1567284012029   -377.881     80.354     -3.690 
1567284013355   -380.943     70.051     -3.238 
1567284014579   -383.875     59.620     -2.771 
1567284015803   -386.742     49.086     -2.220 
1567284017231   -389.516     39.323     -1.597 
1567284056603   -392.444     29.281     -0.928 
1567284058235   -395.118     19.515     -0.283 
1567284059561   -397.185      9.308      0.389 
1567284060683   -398.717     -0.614      1.107 
1567284061907   -400.870    -11.273      2.034 
1567284063131   -403.051    -21.123      3.083 
1567284064457   -405.439    -30.899      4.273 
1567284065783   -407.632    -40.803      5.403 
1567284067313   -408.696    -51.304      6.639 
1567284069251   -408.409    -61.374      7.864 
1567284071699   -407.319    -71.402      9.066 
1567284076697   -399.971    -78.193      9.513 
1567284124841   -389.957    -78.153      9.149 
1567284134225   -383.607    -70.105      7.963 
1567284136162   -379.051    -60.665      6.810 
1567284137692   -373.828    -51.515      5.760 
1567284139018   -368.559    -42.477      4.830 
1567284140344   -363.342    -33.439      3.961 
1567284141874   -358.084    -24.875      3.173 
1567284154930   -351.560    -17.311      2.570 
1567284157786   -346.144     -8.370      1.697 
1567284159622   -342.145      1.406      0.760 
1567284161254   -338.790     11.137     -0.156 
1567284162682   -335.744     20.648     -1.056 
1567284164008   -332.745     30.341     -1.836 
1567284165232   -329.496     40.102     -2.506 
1567284166456   -325.987     50.415     -3.147 
1567284167680   -322.635     60.416     -3.749 
1567284169006   -319.199     70.643     -4.238 
1567284170434   -315.916     80.360     -4.675 
1567284172474   -312.634     90.122     -5.176 
1567284177982   -309.140     99.660     -5.618 
1567284180532   -299.969    103.881     -5.799 
1567284182164   -289.961    101.636     -5.534 
1567284183490   -279.962     98.880     -5.073 
1567284184612   -270.186     96.257     -4.576 
1567284185734   -260.109     93.762     -4.056 
1567284186856   -249.644     91.430     -3.506 
1567284187978   -239.115     89.001     -2.921 
1567284189100   -228.449     86.627     -2.255 
1567284190120   -218.472     84.516     -1.486 
1567284191242   -207.962     82.180     -0.561 
1567284192466   -197.717     79.517      0.502 
1567284193894   -187.925     76.266      1.640 
1567284195526   -178.387     73.401      2.746 
1567284198076   -171.152     66.491      4.317 
1567284200626   -172.181     51.581      6.161 
1567284201850   -174.354     41.263      7.409 
1567284202972   -177.089     30.797      8.670 
1567284203992   -179.491     20.761      9.960 
1567284205012   -182.114     10.283     11.380 
1567284206032   -184.638     -0.201     12.826 
1567284207052   -187.307    -10.312     14.203 
1567284208072   -190.255    -20.509     15.539 
1567284209092   -193.125    -30.736     16.775 
1567284210112   -195.826    -40.910     17.905 
1567284211132   -198.600    -51.544     19.150 
1567284212152   -201.420    -62.047     20.441 
1567284213172   -202.805    -72.172     21.763 
1567284214294   -204.337    -82.482     23.172 
1567284215518   -206.622    -92.207     24.470 
1567284217252   -209.216   -101.855     25.746 
1567284226840   -210.536   -111.766     27.209 
1567284229390   -203.387   -119.249     28.675 
1567284231022   -193.848   -123.002     29.865 
1567284232450   -183.610   -123.612     30.836 
1567284233776   -173.235   -122.566     31.663 
1567284235000   -163.648   -119.408     32.051 
1567284236224   -154.297   -114.508     32.133 
1567284237448   -145.707   -108.436     31.992 
1567284238672   -137.520   -102.209     31.860 
1567284239794   -129.949    -95.502     31.634 
1567284240916   -122.796    -87.639     31.194 
1567284242038   -116.413    -78.623     30.642 
1567284243058   -111.045    -69.705     30.110 
1567284244078   -106.119    -60.903     29.483 
1567284245200   -101.233    -51.889     28.681 
1567284246526    -95.912    -43.111     27.855 
1567284248056    -88.472    -36.404     27.492 
1567284249790    -77.590    -32.010     27.831 
1567284251218    -67.010    -29.978     28.535 
1567284252442    -56.621    -29.024     29.343 
1567284253564    -46.382    -28.739     30.333 
1567284254788    -35.938    -29.457     31.515 
1567284256216    -25.657    -30.364     32.713 
1567284257848    -15.269    -30.853     33.930 
1567284260092     -5.155    -31.347     35.141 
