stamp 1574452110 935064000
estimate
   0.101365    0.994204   0.0358136     24.9307
  -0.994827    0.101538  -0.0030198    -25.6907
-0.00663873  -0.0353223    0.999354     2.08815
          0           0           0           1
odom
   0.105614    0.994394 -0.00519436      22.557
  -0.993854    0.105728   0.0327896    -26.4487
  0.0331549  0.00169941    0.999449     1.16538
          0           0           0           1
accum_distance 40.7001
floor_coeffs 0.000148806   0.0130287    0.999915     2.06462
id 5
