stamp 1574453004 754272000
estimate
    0.103568    -0.994485     0.016612      235.873
    0.994623     0.103574 -0.000512408      132.491
 -0.00121105    0.0165759     0.999862      2.09563
           0            0            0            1
odom
    0.1461  -0.982855   0.112472    236.399
  0.988099   0.139452 -0.0649079    128.466
 0.0481107   0.120617   0.991533   -28.1983
         0          0          0          1
accum_distance 1370.55
floor_coeffs -0.0015797  0.0219203   0.999758      2.066
id 142
