stamp 1574452961 710615000
estimate
   0.0431919     0.999067 -7.09804e-05      133.011
   -0.999004    0.0431884   -0.0111731      148.198
  -0.0111596  0.000553495     0.999938      1.98818
           0            0            0            1
odom
 0.0343574   0.994105   0.102836    133.693
 -0.997313  0.0407656 -0.0608756    146.625
-0.0647089  -0.100468   0.992834   -16.8363
         0          0          0          1
accum_distance 1227.33
floor_coeffs -0.00977211  0.00412439    0.999944     1.98877
id 128
