stamp 1574451738 25735000
estimate
-0.00222237    0.999339  -0.0362807     219.153
  -0.999848 -0.00284838   -0.017212     5.05546
  -0.017304   0.0362369    0.999193     2.05119
          0           0           0           1
odom
-0.00179607    0.994704   -0.102767     219.576
  -0.999301   0.0020518   0.0373248     5.20307
   0.037338    0.102762    0.994005      17.359
          0           0           0           1
accum_distance 399.964
floor_coeffs -0.0160912  0.0261501   0.999529     2.0511
id 41
