stamp 1574452113 791040000
estimate
   0.116226    0.992586   0.0355723      28.112
  -0.993186    0.116455 -0.00443727    -45.8917
-0.00854694  -0.0348142    0.999357      2.1074
          0           0           0           1
odom
    0.120112      0.99276 -0.000530577      25.8118
   -0.991843     0.120024    0.0429161     -46.6116
   0.0426691   -0.0046285     0.999079        2.187
           0            0            0            1
accum_distance 61.1499
floor_coeffs -0.00394705  0.00756078    0.999964     2.12452
id 7
