stamp 1574451982 620004000
estimate
  -0.999559   0.0272929  -0.0121006     81.7884
  -0.027206   -0.999607 -0.00728858     17.0878
 -0.0122941 -0.00695593      0.9999     2.06582
          0           0           0           1
odom
 -0.964279  0.0559013  -0.258925    87.1019
-0.0545531  -0.998434 -0.0123949    12.1494
 -0.259212   0.002173   0.965818   -7.70851
         0          0          0          1
accum_distance 1246.24
floor_coeffs -0.00645742  -0.0038151    0.999972     2.05289
id 127
