stamp 1574452281 681778000
estimate
  -0.0609429    -0.997567    0.0338636     -35.1535
    0.998141   -0.0608743   0.00305324      -341.71
-0.000984386    0.0339867     0.999422      2.01711
           0            0            0            1
odom
-0.0261213  -0.999525  0.0163458   -34.7984
  0.947079 -0.0195109   0.320406   -339.884
 -0.319935  0.0238503   0.947139     30.372
         0          0          0          1
accum_distance 578.926
floor_coeffs -0.00977366   0.0462238    0.998883     2.02202
id 58
