stamp 1574453161 935090000
estimate
  -0.0699189     0.997069    -0.031088      223.051
   -0.997549   -0.0699736 -0.000674971      170.346
 -0.00284828    0.0309646     0.999517      1.98413
           0            0            0            1
odom
-0.0514126   0.975271  -0.214947    221.332
 -0.995391 -0.0674888 -0.0681299    169.251
-0.0809517   0.210454   0.974246    30.4762
         0          0          0          1
accum_distance 422.055
floor_coeffs -0.00212516   0.0344265    0.999405      1.9886
id 42
