stamp 1574452678 560800000
estimate
 -0.0381148   -0.999018    0.022596     139.236
   0.999273  -0.0381065 0.000798247     102.328
6.35903e-05     0.02261    0.999744     1.99217
          0           0           0           1
odom
 -0.0360654   -0.999347   -0.002143     136.548
   0.995265  -0.0357243  -0.0903912     103.416
  0.0902557 -0.00539285    0.995904     15.0252
          0           0           0           1
accum_distance 236.963
floor_coeffs -0.00130311   0.0240056    0.999711     2.00092
id 24
