stamp 1574452801 979837000
estimate
  -0.999944 -0.00460161 -0.00963902     106.552
 0.00415314   -0.998932   0.0460412     6.14436
-0.00984035   0.0459985    0.998893     2.10499
          0           0           0           1
odom
  -0.997288 -0.00173353  -0.0735838     107.775
-0.00360501   -0.997372   0.0723556     5.29631
 -0.0735159   0.0724246    0.994661   -0.355527
          0           0           0           1
accum_distance 783.03
floor_coeffs -0.0155467   0.031883   0.999371    2.11478
id 77
