stamp 1574453197 532828000
estimate
  -0.999977   0.0028162 -0.00608856     131.296
-0.00308484   -0.999001   0.0445727     7.18966
-0.00595695   0.0445905    0.998988     1.98358
          0           0           0           1
odom
  -0.990339 -0.00196681   -0.138657     131.967
-0.00156926   -0.999677   0.0253884     6.21816
  -0.138662   0.0253607    0.990015     10.5759
          0           0           0           1
accum_distance 628.159
floor_coeffs -0.0118642  0.0273483   0.999556    2.00252
id 62
