stamp 1574451977 214040000
estimate
  -0.995502  -0.0947577  0.00213259     125.148
  0.0947815   -0.995292   0.0204306     18.4408
0.000186952   0.0205409    0.999789     2.06043
          0           0           0           1
odom
     -0.9701   -0.0616112    -0.234755       129.15
   0.0599698      -0.9981    0.0141317       14.806
    -0.23518 -0.000369042     0.971952      2.44554
           0            0            0            1
accum_distance 1202.88
floor_coeffs -0.00392879   0.0260688    0.999652     2.08031
id 121
