stamp 1574451384 292168000
estimate
 -0.0486034   -0.997379   0.0536575     148.543
   0.998821  -0.0485467  0.00236001     85.5881
0.000251323    0.053709    0.998556     1.86556
          0           0           0           1
odom
  -0.0331461     -0.99945 -0.000667142      151.621
    0.989309   -0.0329046     0.142077      82.3779
   -0.142021   0.00404929     0.989855      -15.045
           0            0            0            1
accum_distance 769.697
floor_coeffs -0.00396495   0.0617074    0.998086     1.83813
id 76
