stamp 1574451402 958049000
estimate
   0.987754   -0.155684   0.0101851      236.53
   0.155955     0.98709  -0.0364996     137.914
-0.00437117   0.0376411    0.999282     2.02629
          0           0           0           1
odom
  0.984423  -0.160979 -0.0706953    239.786
  0.165394   0.984291  0.0617696    134.773
 0.0596412 -0.0724999   0.995584   -15.1045
         0          0          0          1
accum_distance 892.998
floor_coeffs -0.000771943    0.0221903     0.999753         1.99
id 88
