stamp 1574451279 436848000
estimate
    0.994896    -0.100903 -0.000482114      298.525
    0.100897     0.994869  -0.00751253       57.708
  0.00123768   0.00742554     0.999972      2.01915
           0            0            0            1
odom
  0.982425 -0.0829311  -0.167222    298.039
 0.0976677   0.991843  0.0819058    57.2124
  0.159066 -0.0967985   0.982511    13.6638
         0          0          0          1
accum_distance 306.854
floor_coeffs -0.0157464   0.037128   0.999186    2.03265
id 31
