stamp 1574452833 191628000
estimate
-0.00360255   -0.999995 0.000514815     36.3923
   0.999964 -0.00359842  0.00778928     74.4351
-0.00778742 0.000543078    0.999969     2.04381
          0           0           0           1
odom
-0.00708603   -0.999611   0.0269644     37.9672
   0.999852 -0.00665891   0.0158973     72.8993
 -0.0157115    0.027073     0.99951     -4.2845
          0           0           0           1
accum_distance 908.63
floor_coeffs -0.0120311 0.00937336   0.999884    2.05534
id 90
