stamp 1574451963 240114000
estimate
  -0.999891 -0.00800853  -0.0126343     186.455
 0.00788403   -0.999923  0.00987345     23.0859
 -0.0127121  0.00977288    0.999872     1.98027
          0           0           0           1
odom
  -0.963625   0.0341943   -0.265061     188.503
 -0.0346686   -0.999395 -0.00288998     21.8801
     -0.265  0.00640445    0.964227     17.0707
          0           0           0           1
accum_distance 1141
floor_coeffs -0.0140956  0.0266456   0.999546    1.99914
id 114
