stamp 1574453268 932269000
estimate
  0.0314284   -0.999461   0.0098457     32.0293
     0.9995   0.0314682  0.00391409     23.9454
-0.00422204  0.00971816    0.999944     2.01245
          0           0           0           1
odom
 0.0491159  -0.997575 -0.0493223    33.3785
  0.997166  0.0517935 -0.0545631    23.9937
 0.0569854 -0.0465026   0.997291    2.47539
         0          0          0          1
accum_distance 740.283
floor_coeffs -0.000548533   0.00494186     0.999988      2.01935
id 73
