stamp 1574452257 303958000
estimate
    -0.99893    0.0461931  -0.00213626      47.2326
  -0.0462404    -0.998257    0.0366597     -403.181
-0.000439116    0.0367193     0.999326      2.03275
           0            0            0            1
odom
 -0.997052  0.0264326 -0.0720389    45.3823
-0.0467015  -0.953937    0.29635   -398.858
-0.0608872   0.298841   0.952359    55.2728
         0          0          0          1
accum_distance 444.597
floor_coeffs -0.000172868    0.0403275     0.999187      2.01739
id 45
