stamp 1574451354 406368000
estimate
   -0.992754      0.12018 -0.000577418      180.736
   -0.119978    -0.990778    0.0629944     -57.2003
  0.00699883    0.0626068     0.998014      1.85196
           0            0            0            1
odom
 -0.991762  0.0893001 -0.0918334    180.032
 -0.109321  -0.963726   0.243479   -58.6401
-0.0667595   0.251512   0.965549    11.5261
         0          0          0          1
accum_distance 605.472
floor_coeffs -0.0037819   0.064652   0.997901    1.84123
id 60
