stamp 1574453313 709929000
estimate
   0.999765  -0.0218566 0.000560911     148.227
  0.0218408    0.999559   0.0202833     106.362
 -0.0010045  -0.0202664    0.999794     2.04849
          0           0           0           1
odom
   0.991546 -0.00226626   -0.129734     150.393
0.000148517    0.999867  -0.0163311     103.151
   0.129754   0.0161738    0.991414     20.5986
          0           0           0           1
accum_distance 925.126
floor_coeffs  0.00137264 -0.00372653    0.999992     2.08455
id 91
