stamp 1574451725 173828000
estimate
   0.999927 -0.00313499   0.0117189     169.395
  0.0035566    0.999341  -0.0361318     19.6552
 -0.0115979   0.0361708    0.999278     2.05535
          0           0           0           1
odom
   0.999091  0.00336351  -0.0424915     169.981
-0.00292161    0.999941   0.0104576      20.002
  0.0425241  -0.0103239    0.999042     13.5207
          0           0           0           1
accum_distance 339.086
floor_coeffs -0.0172956  0.0303306    0.99939    2.05735
id 35
