stamp 1574451431 313844000
estimate
 -0.0554541     0.99845 -0.00482298     346.691
  -0.998418  -0.0554961 -0.00904905      59.597
-0.00930267  0.00431355    0.999947     2.08143
          0           0           0           1
odom
-0.0281601   0.989909  -0.138878    351.236
 -0.997688 -0.0192361  0.0651866    58.5864
 0.0618573   0.140393   0.988162   0.857628
         0          0          0          1
accum_distance 1079.25
floor_coeffs -0.00127278 0.000335896    0.999999     2.03735
id 106
