stamp 1574452861 37415000
estimate
 -0.0959823   -0.995176   0.0203503      27.356
   0.995382  -0.0959207  0.00398655     177.156
-0.00201533   0.0206391    0.999785     2.01047
          0           0           0           1
odom
-0.0888085  -0.986679   0.136298    29.0675
  0.993503 -0.0975257  -0.058659    175.531
 0.0711702   0.130203    0.98893   -1.03678
         0          0          0          1
accum_distance 1011.75
floor_coeffs -0.000466637    0.0121678     0.999926      2.01509
id 104
