stamp 1574452998 736319000
estimate
    0.993204     0.116356  -0.00308241      224.805
   -0.116357     0.993208 -8.62033e-05      116.963
  0.00305124  0.000444226     0.999995       2.1482
           0            0            0            1
odom
  0.983955   0.152224  0.0930584     224.76
 -0.147298   0.987406 -0.0577282    113.446
 -0.100674  0.0430946   0.993986   -28.0185
         0          0          0          1
accum_distance 1350.06
floor_coeffs -0.0075519  0.0115242   0.999905    2.14819
id 140
