stamp 1574452109 303070000
estimate
  0.133256    0.99039  0.0370169    23.6104
 -0.991074   0.133306 0.00112026   -15.6132
-0.0038251 -0.0368358   0.999314    2.11079
         0          0          0          1
odom
   0.137637    0.990455 -0.00740946     21.1973
  -0.990013    0.137798   0.0297629    -16.3856
  0.0304999  0.00323898     0.99953    0.738799
          0           0           0           1
accum_distance 30.5365
floor_coeffs -0.000345384  -0.00139723     0.999999      2.13495
id 4
