stamp 1574452990 168385000
estimate
   0.997023  -0.0771159 -0.00110591     214.733
  0.0771108     0.99649   0.0326105     117.921
-0.00141297  -0.0325986    0.999467     2.08368
          0           0           0           1
odom
  0.993987 -0.0463022  0.0992287    214.771
 0.0487387   0.998563 -0.0222711    114.725
-0.0980549  0.0269734   0.994815    -27.097
         0          0          0          1
accum_distance 1339.95
floor_coeffs -0.00822393  -0.0279792    0.999575     2.10454
id 139
