stamp 1574451824 929106000
estimate
  0.0593025   -0.995667    0.071627     26.2953
   0.998237   0.0593391 -0.00161837     9.66255
-0.00263893   0.0715966     0.99743     1.93423
          0           0           0           1
odom
    0.052056    -0.998644 -0.000975537      27.4242
    0.997007    0.0519147    0.0572853       7.2737
  -0.0571569  -0.00395466     0.998357     0.759526
           0            0            0            1
accum_distance 761.563
floor_coeffs -0.00278953   0.0675057    0.997715     1.96945
id 76
