stamp 1574453057 691892000
estimate
   0.167911   -0.985802 0.000772213     31.3402
   0.985794    0.167906 -0.00430706     72.6408
 0.00411625  0.00148444     0.99999     2.02325
          0           0           0           1
odom
   0.169348    -0.98364  -0.0614302     29.3585
   0.985466    0.169848 -0.00296966     73.9282
  0.0133549  -0.0600344    0.998107    0.321235
          0           0           0           1
accum_distance 93.5634
floor_coeffs 0.000109424   0.0100396     0.99995     1.97563
id 10
