stamp 1574452986 190429000
estimate
   0.999227  -0.0392802  0.00237535     194.997
  0.0393217    0.999004   -0.021146     112.396
-0.00154257    0.021223    0.999773     2.08499
          0           0           0           1
odom
   0.994161 -0.00896643    0.107533      194.98
  0.0166036    0.997385  -0.0703386     109.744
  -0.106621   0.0717134     0.99171      -25.35
          0           0           0           1
accum_distance 1319.46
floor_coeffs -0.00723416   0.0467654     0.99888     2.06815
id 137
