stamp 1574453223 440601000
estimate
   -0.990883    -0.134556   0.00726871      49.6429
    0.134752    -0.989368    0.0547548      6.90408
-0.000175763     0.055235     0.998474      1.84609
           0            0            0            1
odom
  -0.986798   -0.149516  -0.0622447     50.7771
   0.149459   -0.988752  0.00561221     6.60141
 -0.0623837 -0.00376488    0.998045     2.20683
          0           0           0           1
accum_distance 710.008
floor_coeffs -0.0246362  0.0697556    0.99726    1.87876
id 70
