stamp 1574452279 437793000
estimate
  -0.0976177     -0.99475    0.0306987     -32.8803
    0.995224   -0.0975424   0.00394486     -362.455
-0.000929724    0.0309372     0.999521      2.01084
           0            0            0            1
odom
-0.0637893  -0.997959 0.00286198   -33.2419
  0.941045 -0.0591961   0.333063   -359.598
 -0.332214  0.0239391     0.9429    37.0621
         0          0          0          1
accum_distance 558.048
floor_coeffs -0.00151151   0.0387018     0.99925     2.03086
id 56
