stamp 1574451428 661873000
estimate
   0.0248233     0.999692 -0.000801507      346.566
   -0.999673    0.0248277   0.00614922       79.551
  0.00616722  0.000648601     0.999981      2.02383
           0            0            0            1
odom
0.0475846  0.989833 -0.134038   350.571
-0.994833 0.0590123 0.0826155   78.5695
0.0896854  0.129414  0.987526 -0.814471
        0         0         0         1
accum_distance 1059.18
floor_coeffs  0.00357253 -0.00534387    0.999979     2.02006
id 104
