stamp 1574452104 917100000
estimate
     0.97535     0.213439    0.0559952      12.6437
    -0.21312     0.976956   -0.0116867     0.326842
  -0.0571993 -0.000535014     0.998363      2.13305
           0            0            0            1
odom
   0.977996    0.208538 -0.00595232     10.1619
   -0.20846    0.977962   0.0116233   -0.509928
 0.00824503  -0.0101267    0.999915 -0.00632141
          0           0           0           1
accum_distance 10.1747
floor_coeffs -0.00601871   0.0275886    0.999601     1.98007
id 1
