stamp 1574451691 412024000
estimate
 -0.0179585   -0.997988   0.0608125     125.941
    0.99983  -0.0176716  0.00525236    -72.0913
-0.00416713   0.0608964    0.998135     1.91076
          0           0           0           1
odom
-0.00202745    -0.99988  -0.0153938      124.69
   0.998352 -0.00290688   0.0573235    -71.3016
 -0.0573613  -0.0152522    0.998237     15.1262
          0           0           0           1
accum_distance 205.798
floor_coeffs -0.0256802  0.0565248   0.998071    1.84181
id 22
