stamp 1574452263 15917000
estimate
  -0.990586    0.136701 -0.00746501        16.4
  -0.136831   -0.990371   0.0211257    -406.966
-0.00450504    0.021948    0.999749     2.05148
          0           0           0           1
odom
 -0.992535   0.109839 -0.0530098    14.4966
 -0.120966  -0.941991   0.313082   -402.207
-0.0155462   0.317158   0.948245    54.7084
         0          0          0          1
accum_distance 475.713
floor_coeffs -0.000380916   0.00755192     0.999971      2.02548
id 48
