stamp 1574452470 890396000
estimate
  -0.998843   0.0479375 -0.00443646     147.538
 -0.0480877   -0.997853    0.044514    -398.789
-0.00229292   0.0446754    0.998999     1.95977
          0           0           0           1
odom
  -0.995138  -0.0259971  -0.0950012     142.236
-0.00537302   -0.948773    0.315915    -403.615
 -0.0983474    0.314889    0.944019     38.7569
          0           0           0           1
accum_distance 1138.35
floor_coeffs -0.00287234   0.0447225    0.998995     1.95071
id 112
