stamp 1574452361 649183000
estimate
   0.999617  -0.0262342  0.00910017     68.4833
  0.0266194    0.998627  -0.0451607    -194.355
-0.00790306   0.0453857    0.998938     1.95679
          0           0           0           1
odom
   0.999657  0.00974582   -0.024314      74.408
-0.00686036    0.993219    0.116054    -201.836
  0.0252802   -0.115847    0.992945     -7.4817
          0           0           0           1
accum_distance 828.782
floor_coeffs -0.0127973  0.0502623   0.998654    1.93974
id 82
