stamp 1574452467 218463000
estimate
 -0.912118   0.408858 -0.0296681    168.548
  -0.40981  -0.911227  0.0415487   -396.385
-0.0100467  0.0500552   0.998696    1.93229
         0          0          0          1
odom
  -0.932544    0.339001   -0.124259     163.267
  -0.361032   -0.879493    0.310077    -402.149
-0.00416818    0.334022    0.942556     40.4797
          0           0           0           1
accum_distance 1117.18
floor_coeffs -0.00131069   0.0433273     0.99906     1.90624
id 110
