stamp 1574453299 532030000
estimate
   0.999884  -0.0152555 8.69165e-05     65.9549
  0.0152283    0.997724  -0.0656806     104.383
0.000915273   0.0656743    0.997841     2.07095
          0           0           0           1
odom
    0.99505 0.000661439  -0.0993715     68.7289
 -0.0135165    0.991585   -0.128746     103.353
  0.0984502    0.129452    0.986686     10.8017
          0           0           0           1
accum_distance 842.848
floor_coeffs 0.0106627 0.0513081  0.998626   2.15516
id 83
