stamp 1574452573 705608000
estimate
   0.999772   0.0150614   0.0151329      12.254
 -0.0150298    0.999885 -0.00219477     1.49686
 -0.0151642  0.00196683    0.999883     2.06323
          0           0           0           1
odom
   0.999906 -0.00815872  -0.0110114     10.2035
 0.00820924    0.999956  0.00455027    0.405907
  0.0109738 -0.00464024    0.999929    0.247591
          0           0           0           1
accum_distance 10.2145
floor_coeffs -0.00677873   0.0311637    0.999491     2.06672
id 1
