stamp 1574451687 740080000
estimate
   0.767451   -0.640743   0.0216414     122.841
   0.641094    0.767219  -0.0193211      -81.83
-0.00422388   0.0287022    0.999579     2.05328
          0           0           0           1
odom
  0.773735  -0.631086 -0.0553588    121.433
  0.633193   0.773153   0.036074   -80.9933
  0.020035 -0.0629645   0.997815    15.4611
         0          0          0          1
accum_distance 195.568
floor_coeffs   -0.0146788 -7.49335e-07     0.999892      2.04922
id 21
