stamp 1574451997 409892000
estimate
  -0.973419     0.22665    0.033068     25.8954
  -0.226688   -0.973968  0.00264192     13.0249
  0.0328063 -0.00492433     0.99945     1.96116
          0           0           0           1
odom
 -0.948122   0.246609   -0.20062    33.1748
 -0.252494  -0.967591 0.00387934    6.63895
 -0.193161  0.0543333   0.979661     -21.78
         0          0          0          1
accum_distance 1302.32
floor_coeffs   0.0337491 -0.00767646    0.999401     1.96989
id 132
