stamp 1574451750 673648000
estimate
 -0.0170549    0.995818  -0.0897601     222.375
  -0.999812   -0.017819 -0.00771821    -66.8805
 -0.0092853   0.0896115    0.995934     2.03533
          0           0           0           1
odom
-0.00781308    0.986373   -0.164338     223.238
  -0.998293  0.00181921   0.0583806    -66.5254
   0.057884    0.164514    0.984675     22.4006
          0           0           0           1
accum_distance 472.031
floor_coeffs -0.0150539  0.0703501   0.997409     2.0268
id 48
