stamp 1574453010 976253000
estimate
 -0.0684652   -0.997635  0.00618196      232.14
   0.997652    -0.06845  0.00262028     174.087
-0.00219094  0.00634704    0.999977     2.05778
          0           0           0           1
odom
-0.00925636   -0.996801   0.0793839     234.874
   0.996601  -0.0156947  -0.0808682     170.052
  0.0818554   0.0783656    0.993559    -25.1898
          0           0           0           1
accum_distance 1412.28
floor_coeffs -0.00634974   0.0237153    0.999699     2.06666
id 146
