stamp 1574453264 444314000
estimate
   -0.225383    -0.974274 -0.000299409      32.3517
    0.974211    -0.225372    0.0112733      13.8936
  -0.0110508   0.00224961     0.999937      2.08415
           0            0            0            1
odom
 -0.208557  -0.976389 -0.0562959    33.5507
  0.977534  -0.206314 -0.0431576    13.8952
 0.0305239 -0.0640319   0.997481    1.92668
         0          0          0          1
accum_distance 730.168
floor_coeffs  -0.010274 -0.0109982   0.999887    2.13319
id 72
