stamp 1574453125 113380000
estimate
   0.999444   -0.032871  0.00557825     134.462
  0.0330903    0.998426  -0.0452868     207.243
-0.00408084   0.0454462    0.998958     1.99053
          0           0           0           1
odom
  0.986285 -0.0363067   -0.16101    133.522
 0.0192264   0.994138  -0.106398    206.658
  0.163929   0.101843   0.981201    17.0221
         0          0          0          1
accum_distance 299.498
floor_coeffs -0.000698029    0.0546102     0.998507       1.9703
id 30
