stamp 1574452953 550665000
estimate
    0.126138     0.992011   0.00165073      129.191
   -0.992013     0.126138  0.000100188      198.939
-0.000108831  -0.00165018     0.999999      2.07229
           0            0            0            1
odom
  0.119673   0.987512   0.102465    130.159
  -0.98971   0.126816 -0.0662759     197.26
-0.0784424 -0.0934796   0.992526   -13.7064
         0          0          0          1
accum_distance 1176.43
floor_coeffs 0.00764112 0.00229246   0.999968    2.05943
id 123
