stamp 1574451974 460057000
estimate
   -0.998769    0.0496477   0.00091501      145.723
  -0.0496544    -0.998411   -0.0267444      17.7108
-0.000413973   -0.0267566     0.999642      2.03974
           0            0            0            1
odom
 -0.967318  0.0938788  -0.235548    149.142
-0.0879968  -0.995492 -0.0353841    14.8319
 -0.237808 -0.0135002   0.971218    7.26493
         0          0          0          1
accum_distance 1182.3
floor_coeffs -0.00262499  -0.0297538    0.999554     2.03495
id 119
