stamp 1574452608 487353000
estimate
   0.994343     0.10612 -0.00450067     43.0648
  -0.106152    0.994322 -0.00740943    0.770742
 0.00368882  0.00784527    0.999962     2.15277
          0           0           0           1
odom
   0.995513   0.0825009  -0.0463404     41.0062
 -0.0828434    0.996547 -0.00551706    0.399717
  0.0457252   0.0093313     0.99891     1.23041
          0           0           0           1
accum_distance 41.0674
floor_coeffs -0.000782272    0.0187869     0.999823      2.15488
id 5
