stamp 1574451978 437999000
estimate
  -0.999415   -0.033074 -0.00911002      114.99
  0.0329002   -0.999289   0.0186104     18.7216
 -0.0097186   0.0182998    0.999785     2.06258
          0           0           0           1
odom
   -0.970195  -0.00268776    -0.242313      119.262
-0.000258402    -0.999927    0.0121259      14.7525
   -0.242328    0.0118271     0.970122      0.13379
           0            0            0            1
accum_distance 1213.03
floor_coeffs -0.0029057  0.0178025   0.999837    2.06049
id 122
