stamp 1574452757 814184000
estimate
   0.0430302     0.998555   -0.0322143      238.487
   -0.999074    0.0430336 -0.000587229      83.8696
 0.000799913    0.0322096     0.999481      2.00984
           0            0            0            1
odom
 0.0514774   0.990761  -0.125472      239.1
 -0.996675  0.0430221 -0.0691915    84.8265
-0.0631542   0.128617   0.989681    13.7954
         0          0          0          1
accum_distance 576.886
floor_coeffs -0.00845976   0.0223041    0.999715     2.01763
id 57
