stamp 1574452428 968678000
estimate
     0.45771     0.888803   -0.0231217      147.314
   -0.889104     0.457535   -0.0126828     -192.907
-0.000693742    0.0263624     0.999652      1.97674
           0            0            0            1
odom
  0.420852   0.902611 -0.0904249    153.115
 -0.892831   0.429784   0.134681   -202.787
  0.160428  0.0240534   0.986754   -3.12722
         0          0          0          1
accum_distance 910.192
floor_coeffs 0.00593329   0.018732   0.999807    1.99448
id 90
