stamp 1574452958 548624000
estimate
 -0.0141927    0.999894 -0.00371987     131.981
  -0.999847  -0.0142304  -0.0102885     168.696
 -0.0103403  0.00357308     0.99994     2.05367
          0           0           0           1
odom
-0.0213773   0.995667  0.0905002    132.837
 -0.997617 -0.0153041 -0.0672772    167.066
-0.0656007 -0.0917227   0.993621   -15.6238
         0          0          0          1
accum_distance 1206.83
floor_coeffs -0.00489665 -0.00261002    0.999985     2.05595
id 126
