stamp 1574452846 451498000
estimate
  -0.0838377    -0.995742    0.0383516      28.7134
    0.996474   -0.0839123 -0.000338301      166.972
  0.00355498    0.0381881     0.999264       1.9474
           0            0            0            1
odom
-0.0793415  -0.988049   0.132148    30.3614
  0.995255 -0.0860047  -0.045493    165.371
 0.0563147   0.127912   0.990185   -1.75761
         0          0          0          1
accum_distance 1001.48
floor_coeffs -0.0111251  0.0365533    0.99927    1.97003
id 99
