stamp 1574453050 551948000
estimate
0.000239586   -0.999991   0.0042724     29.1687
    0.99998 0.000266809  0.00637238      20.175
-0.00637347  0.00427079    0.999971     2.02159
          0           0           0           1
odom
-0.00742342   -0.999392  -0.0340773     27.2236
   0.999801 -0.00804872   0.0182489      21.556
 -0.0185121  -0.0339351    0.999253    0.377483
          0           0           0           1
accum_distance 41.1132
floor_coeffs -0.00257871  0.00312158    0.999992      2.0186
id 5
