stamp 1574453012 608227000
estimate
 -0.064875   -0.99773  0.0181464    231.094
  0.997886 -0.0647904 0.00521083    184.626
-0.0040233  0.0184463   0.999822    2.05023
         0          0          0          1
odom
-0.00189808   -0.996153   0.0876153     234.504
   0.996243    -0.00947  -0.0860879     180.648
  0.0865864   0.0871227    0.992428    -24.1788
          0           0           0           1
accum_distance 1422.93
floor_coeffs -0.00762286    0.026861     0.99961     2.06956
id 147
