stamp 1574453184 68928000
estimate
  -0.591426    0.806195  -0.0162689     182.758
  -0.806358   -0.591343   0.0100381     45.5816
-0.00152787   0.0190554    0.999817     2.03317
          0           0           0           1
odom
  -0.580692    0.794722   -0.176677      182.76
  -0.806552    -0.59111 -0.00797807     44.6464
  -0.110776    0.137866    0.984237      18.464
          0           0           0           1
accum_distance 556.234
floor_coeffs -0.00342674   0.0126244    0.999914     2.00319
id 55
