stamp 1574451675 602166000
estimate
    0.999982 -0.000502999   0.00596717      63.0548
  0.00059448     0.999882   -0.0153389     -89.2772
 -0.00595875    0.0153422     0.999865      2.06651
           0            0            0            1
odom
   0.994848 -0.00598906   -0.101206     61.7943
 0.00925105    0.999452   0.0317927    -88.5513
    0.10096  -0.0325652    0.994357     10.1276
          0           0           0           1
accum_distance 134.748
floor_coeffs -0.00413393   0.0275901    0.999611     2.04925
id 15
