stamp 1574451823 399127000
estimate
  0.0652865   -0.995568   0.0676839     25.9224
   0.997863   0.0653041 -0.00195467   -0.348899
-0.00247403   0.0676669    0.997705     1.89347
          0           0           0           1
odom
  0.0572536   -0.998351  -0.0040755     27.1306
   0.996494   0.0568967   0.0613394    -2.71859
 -0.0610064 -0.00757312    0.998109     1.34554
          0           0           0           1
accum_distance 751.55
floor_coeffs 0.000196013   0.0639703    0.997952     1.87688
id 75
