stamp 1574451218 33262000
estimate
    0.950928    -0.309389   0.00367857      9.71458
    0.309409     0.950894  -0.00819429      2.05446
-0.000962704   0.00893037      0.99996      2.01833
           0            0            0            1
odom
   0.954494   -0.298015  -0.0113655     9.32905
   0.298197    0.953107   0.0516203     4.11262
-0.00455106  -0.0526604    0.998602  -0.0204743
          0           0           0           1
accum_distance 10.1954
floor_coeffs 0.00701569  0.0141491   0.999875    2.02287
id 2
