stamp 1574452981 396450000
estimate
   0.999381  -0.0350992   0.0029422     164.308
  0.0350934    0.999383  0.00197364     111.052
-0.00300985 -0.00186918    0.999994     2.08984
          0           0           0           1
odom
  0.992439  -0.016337   0.121645    164.477
 0.0214776   0.998925 -0.0410687    109.013
 -0.120843  0.0433708   0.991724   -21.9673
         0          0          0          1
accum_distance 1288.75
floor_coeffs -0.00803205   0.0154569    0.999848     2.09598
id 134
