stamp 1574451950 898228000
estimate
 0.00188214     0.99748  -0.0709629     218.262
  -0.999981  0.00143706 -0.00632268      59.001
-0.00620465   0.0709729    0.997459     1.96446
          0           0           0           1
odom
  0.0375976    0.952114   -0.303424     217.876
  -0.999259   0.0333289  -0.0192366     59.2862
-0.00820262    0.303923    0.952661      25.103
          0           0           0           1
accum_distance 1078.66
floor_coeffs -0.00278892   0.0613765    0.998111     1.96996
id 107
