stamp 1574453190 86886000
estimate
  -0.450369    0.892692  -0.0164821     166.968
  -0.892843   -0.450273  0.00934922     18.7758
0.000924766   0.0189264    0.999821      2.0339
          0           0           0           1
odom
  -0.443231    0.881473   -0.162948     167.232
   -0.89342   -0.449222 8.69639e-05      17.807
 -0.0731233     0.14562    0.986635     15.8321
          0           0           0           1
accum_distance 587.413
floor_coeffs -0.0076362  0.0235915   0.999692    1.99311
id 58
