stamp 1574452282 803770000
estimate
 -0.0403622   -0.998223   0.0438395    -35.9879
   0.999174  -0.0401161  0.00648072    -331.427
-0.00471053   0.0440649    0.999018     2.01082
          0           0           0           1
odom
-0.00492001   -0.999489   0.0315987    -35.2683
   0.948509   0.0053435    0.316704    -330.101
  -0.316711   0.0315299    0.947998     27.1187
          0           0           0           1
accum_distance 589.246
floor_coeffs -0.0141249  0.0571146   0.998268    2.02039
id 59
