stamp 1574453121 747398000
estimate
    0.999988   0.00480211  0.000487783      113.902
 -0.00476201     0.998015   -0.0627974      206.444
-0.000788375    0.0627943     0.998026      2.00708
           0            0            0            1
odom
  0.989185 0.00244833  -0.146651    113.233
-0.0204789   0.992372  -0.121566    206.165
  0.145234   0.123255    0.98169    13.5727
         0          0          0          1
accum_distance 278.91
floor_coeffs -0.00322078   0.0287706    0.999581     2.02228
id 28
