stamp 1574452210 792302000
estimate
   0.0848186     0.996396 -0.000858488      58.5334
   -0.996159    0.0847796   -0.0219022     -251.773
  -0.0217505   0.00271291      0.99976      1.97545
           0            0            0            1
odom
 0.0900469   0.994398 -0.0553616    56.9745
 -0.985801  0.0969031   0.137133   -251.096
   0.14173  0.0422271   0.989004       23.8
         0          0          0          1
accum_distance 269.795
floor_coeffs -0.0237873 -0.0201509   0.999514    1.97596
id 28
