stamp 1574452786 271962000
estimate
  -0.999722   0.0230331  -0.0050735      219.87
 -0.0231914   -0.999161   0.0337453     9.95431
-0.00429199   0.0338536    0.999418     2.04626
          0           0           0           1
odom
 -0.994465  0.0329316 -0.0997736     221.28
-0.0337699  -0.999407 0.00672387    10.7864
 -0.099493   0.010056   0.994987    8.01518
         0          0          0          1
accum_distance 669.071
floor_coeffs -0.000919663    0.0221159     0.999755      2.06173
id 66
