stamp 1574452979 866463000
estimate
   0.998795     0.04838  0.00834081     154.019
  -0.048432    0.998809  0.00613912     110.608
-0.00803404 -0.00653571    0.999946     2.10739
          0           0           0           1
odom
  0.989683  0.0628289   0.128762    154.266
-0.0586872   0.997637 -0.0357141    108.711
 -0.130702   0.027789   0.991032   -20.7152
         0          0          0          1
accum_distance 1278.46
floor_coeffs -0.00519257 -0.00425143    0.999977     2.11695
id 133
